0.82999999999999996 0.85999999999999999
0.77000000000000002 0.14999999999999999
0.93000000000000005 0.34999999999999998
0.85999999999999999 0.92000000000000004
0.48999999999999999 0.20999999999999999
0.62 0.27000000000000002
0.90000000000000002 0.58999999999999997
0.63 0.26000000000000001
0.40000000000000002 0.26000000000000001
0.71999999999999997 0.35999999999999999
0.11 0.68000000000000005
0.67000000000000004 0.28999999999999998
0.81999999999999995 0.29999999999999999
0.62 0.23000000000000001
0.67000000000000004 0.34999999999999998
0.28999999999999998 0.02
0.22 0.57999999999999996
0.68999999999999995 0.67000000000000004
0.93000000000000005 0.56000000000000005
0.11 0.41999999999999998
0.28999999999999998 0.72999999999999998
0.20999999999999999 0.19
0.83999999999999997 0.37
0.97999999999999998 0.23999999999999999
0.14999999999999999 0.69999999999999996
0.13 0.26000000000000001
0.91000000000000003 0.80000000000000004
0.56000000000000005 0.72999999999999998
0.62 0.69999999999999996
0.95999999999999996 0.81000000000000005
0.050000000000000003 0.25
0.83999999999999997 0.27000000000000002
0.35999999999999999 0.050000000000000003
0.46000000000000002 0.28999999999999998
0.13 0.56999999999999995
0.23999999999999999 0.94999999999999996
0.81999999999999995 0.45000000000000001
0.14000000000000001 0.67000000000000004
0.34000000000000002 0.64000000000000001
0.42999999999999999 0.5
0.87 0.080000000000000002
0.76000000000000001 0.78000000000000003
0.88 0.83999999999999997
0.029999999999999999 0.51000000000000001
0.54000000000000004 0.98999999999999999
0.32000000000000001 0.59999999999999998
0.76000000000000001 0.68000000000000005
0.39000000000000001 0.12
0.26000000000000001 0.85999999999999999
0.93999999999999995 0.39000000000000001
0.94999999999999996 0.69999999999999996
0.34000000000000002 0.78000000000000003
0.67000000000000004 0.01
0.96999999999999997 0.02
0.17000000000000001 0.92000000000000004
0.52000000000000002 0.56000000000000005
0.01 0.80000000000000004
0.85999999999999999 0.40999999999999998
0.65000000000000002 0.89000000000000001
0.44 0.19
0.40000000000000002 0.28999999999999998
0.31 0.17000000000000001
0.96999999999999997 0.70999999999999996
0.81000000000000005 0.75
0.089999999999999997 0.27000000000000002
0.67000000000000004 0.56000000000000005
0.96999999999999997 0.53000000000000003
0.85999999999999999 0.65000000000000002
0.059999999999999998 0.82999999999999996
0.19 0.23999999999999999
0.28000000000000003 0.70999999999999996
0.32000000000000001 0.28999999999999998
0.029999999999999999 0.19
0.69999999999999996 0.68000000000000005
0.080000000000000002 0.14999999999999999
0.40000000000000002 0.48999999999999999
0.95999999999999996 0.23000000000000001
0.17999999999999999 0.45000000000000001
0.46000000000000002 0.51000000000000001
0.20999999999999999 0.55000000000000004
0.79000000000000004 0.88
0.64000000000000001 0.28000000000000003
0.40999999999999998 0.5
0.93000000000000005 0
0.34000000000000002 0.64000000000000001
0.23999999999999999 0.14000000000000001
0.87 0.56000000000000005
0.42999999999999999 0.91000000000000003
0.27000000000000002 0.65000000000000002
0.58999999999999997 0.35999999999999999
0.32000000000000001 0.51000000000000001
0.37 0.28000000000000003
0.75 0.070000000000000007
0.73999999999999999 0.20999999999999999
0.57999999999999996 0.94999999999999996
0.28999999999999998 0.37
0.34999999999999998 0.93000000000000005
0.17999999999999999 0.28000000000000003
0.42999999999999999 0.11
0.28000000000000003 0.28999999999999998
0.76000000000000001 0.040000000000000001
0.42999999999999999 0.63
0.13 0.38
0.059999999999999998 0.40000000000000002
0.040000000000000001 0.17999999999999999
0.28000000000000003 0.88
0.68999999999999995 0.17000000000000001
0.17000000000000001 0.95999999999999996
0.23999999999999999 0.42999999999999999
0.69999999999999996 0.82999999999999996
0.90000000000000002 0.98999999999999999
0.71999999999999997 0.25
0.44 0.90000000000000002
0.050000000000000003 0.39000000000000001
0.54000000000000004 0.85999999999999999
0.68999999999999995 0.81999999999999995
0.41999999999999998 0.64000000000000001
0.96999999999999997 0.070000000000000007
0.55000000000000004 0.040000000000000001
0.47999999999999998 0.11
0.22 0.28000000000000003
0.98999999999999999 0.42999999999999999
0.46000000000000002 0.68000000000000005
0.40000000000000002 0.22
0.11 0.10000000000000001
0.050000000000000003 0.01
0.60999999999999999 0.29999999999999999
0.78000000000000003 0.050000000000000003
0.20000000000000001 0.35999999999999999
0.44 0.26000000000000001
0.22 0.65000000000000002
0.080000000000000002 0.16
0.81999999999999995 0.57999999999999996
0.23999999999999999 0.37
0.62 0.23999999999999999
0 0.35999999999999999
0.52000000000000002 0.98999999999999999
0.79000000000000004 0.5
0.68000000000000005 0.70999999999999996
0.72999999999999998 0.31
0.81000000000000005 0.29999999999999999
0.33000000000000002 0.93999999999999995
0.59999999999999998 0.63
0.98999999999999999 0.81000000000000005
0.98999999999999999 0.95999999999999996
0.58999999999999997 0.72999999999999998
0.13 0.68000000000000005
0.90000000000000002 0.94999999999999996
0.26000000000000001 0.66000000000000003
0.83999999999999997 0.40000000000000002
0.90000000000000002 0.83999999999999997
0.76000000000000001 0.41999999999999998
0.35999999999999999 0.070000000000000007
0.45000000000000001 0.56000000000000005
0.79000000000000004 0.17999999999999999
0.87 0.12
0.47999999999999998 0.71999999999999997
0.58999999999999997 0.089999999999999997
0.35999999999999999 0.10000000000000001
0.41999999999999998 0.87
0.059999999999999998 0.01
0.13 0.71999999999999997
0.20999999999999999 0.55000000000000004
0.19 0.98999999999999999
0.20999999999999999 0.040000000000000001
0.39000000000000001 0.11
0.40000000000000002 0.67000000000000004
0.050000000000000003 0.28000000000000003
0.27000000000000002 0.5
0.83999999999999997 0.57999999999999996
0.20000000000000001 0.23999999999999999
0.22 0.68999999999999995
0.95999999999999996 0.81000000000000005
0.29999999999999999 0.83999999999999997
0.92000000000000004 0.71999999999999997
0.71999999999999997 0.5
0.25 0.84999999999999998
0.22 0.98999999999999999
0.40000000000000002 0.41999999999999998
0.97999999999999998 0.13
0.97999999999999998 0.90000000000000002
0.23999999999999999 0.90000000000000002
0.089999999999999997 0.81000000000000005
0.19 0.35999999999999999
0.32000000000000001 0.55000000000000004
0.93999999999999995 0.040000000000000001
0.79000000000000004 0.68999999999999995
0.72999999999999998 0.76000000000000001
0.5 0.55000000000000004
0.59999999999999998 0.41999999999999998
0.79000000000000004 0.83999999999999997
0.93000000000000005 0.050000000000000003
0.20999999999999999 0.67000000000000004
0.040000000000000001 0.13
0.60999999999999999 0.54000000000000004
0.26000000000000001 0.58999999999999997
0.44 0.02
0.02 0.059999999999999998
0.83999999999999997 0.20999999999999999
0.41999999999999998 0.68000000000000005
0.28000000000000003 0.89000000000000001
0.71999999999999997 0.080000000000000002
0.57999999999999996 0.97999999999999998
0.35999999999999999 0.080000000000000002
0.53000000000000003 0.47999999999999998
0.029999999999999999 0.33000000000000002
0.33000000000000002 0.47999999999999998
0.90000000000000002 0.54000000000000004
0.67000000000000004 0.46000000000000002
0.68000000000000005 0.28999999999999998
0 0.46000000000000002
0.88 0.96999999999999997
0.48999999999999999 0.90000000000000002
0.029999999999999999 0.33000000000000002
0.63 0.96999999999999997
0.53000000000000003 0.92000000000000004
0.85999999999999999 0.25
0.52000000000000002 0.95999999999999996
0.75 0.88
0.56999999999999995 0.28999999999999998
0.35999999999999999 0.59999999999999998
0.14000000000000001 0.20999999999999999
0.59999999999999998 0.040000000000000001
0.28000000000000003 0.27000000000000002
0.5 0.47999999999999998
0.56000000000000005 0.02
0.93999999999999995 0.96999999999999997
0.98999999999999999 0.42999999999999999
0.39000000000000001 0.02
0.28000000000000003 0.029999999999999999
0 0.81000000000000005
0.46999999999999997 0.38
0.58999999999999997 0.51000000000000001
0.34999999999999998 0.34000000000000002
0.39000000000000001 0.92000000000000004
0.14999999999999999 0.27000000000000002
0.040000000000000001 0.28999999999999998
0.48999999999999999 0.64000000000000001
0.84999999999999998 0.28999999999999998
0.42999999999999999 0.34999999999999998
0.77000000000000002 0
0.38 0.70999999999999996
0.48999999999999999 0.89000000000000001
0.67000000000000004 0.88
0.92000000000000004 0.94999999999999996
0.42999999999999999 0.44
0.28999999999999998 0.90000000000000002
0.81999999999999995 0.40000000000000002
0.40999999999999998 0.68999999999999995
0.26000000000000001 0.32000000000000001
0.60999999999999999 0.41999999999999998
0.59999999999999998 0.17000000000000001
0.23000000000000001 0.60999999999999999
0.81000000000000005 0.089999999999999997
0.90000000000000002 0.25
0.95999999999999996 0.67000000000000004
0.77000000000000002 0.34000000000000002
0.90000000000000002 0.26000000000000001
0.23999999999999999 0.56999999999999995
0.14000000000000001 0.68000000000000005
0.050000000000000003 0.57999999999999996
0.12 0.85999999999999999
0 0.46000000000000002
0.26000000000000001 0.93999999999999995
0.16 0.52000000000000002
0.78000000000000003 0.28999999999999998
0.46000000000000002 0.90000000000000002
0.46999999999999997 0.69999999999999996
0.51000000000000001 0.80000000000000004
0.31 0.93000000000000005
0.56999999999999995 0.27000000000000002
0.12 0.85999999999999999
0.14000000000000001 0.55000000000000004
0.12 0.90000000000000002
0.12 0.79000000000000004
0.10000000000000001 0.68999999999999995
0.89000000000000001 0.73999999999999999
0.55000000000000004 0.40999999999999998
0.20000000000000001 0.33000000000000002
0.87 0.88
0.38 0.66000000000000003
0.69999999999999996 0.83999999999999997
0.56000000000000005 0.17000000000000001
0.059999999999999998 0.59999999999999998
0.48999999999999999 0.37
0.050000000000000003 0.58999999999999997
0.17000000000000001 0.17999999999999999
0.45000000000000001 0.82999999999999996
0.72999999999999998 0.57999999999999996
0.72999999999999998 0.37
0.89000000000000001 0.82999999999999996
0.070000000000000007 0.78000000000000003
0.56999999999999995 0.14000000000000001
0.70999999999999996 0.28999999999999998
0 0.58999999999999997
0.17999999999999999 0.38
0.25 0.88
0.73999999999999999 0.33000000000000002
0.56999999999999995 0.81000000000000005
0.93000000000000005 0.57999999999999996
0.69999999999999996 0.98999999999999999
0.17000000000000001 0.39000000000000001
0.68999999999999995 0.63
0.22 0.93999999999999995
0.72999999999999998 0.46999999999999997
0.31 0.62
0.81999999999999995 0.90000000000000002
0.92000000000000004 0.91000000000000003
0.56999999999999995 0.14999999999999999
0.20999999999999999 0.56999999999999995
0.73999999999999999 0.91000000000000003
0.46999999999999997 0.51000000000000001
0.31 0.20999999999999999
0.37 0.40000000000000002
0.54000000000000004 0.29999999999999999
0.97999999999999998 0.25
0.81000000000000005 0.16
0.16 0.02
0.31 0.39000000000000001
0.95999999999999996 0.040000000000000001
0.38 0.80000000000000004
0.17999999999999999 0.20999999999999999
0.69999999999999996 0.62
0.12 0.79000000000000004
0.77000000000000002 0.84999999999999998
0.35999999999999999 0.040000000000000001
0.76000000000000001 0.82999999999999996
0.070000000000000007 0.58999999999999997
0.56999999999999995 0.44
0.98999999999999999 0.11
0.27000000000000002 0.5
0.35999999999999999 0.59999999999999998
0.17999999999999999 0.050000000000000003
0.63 0.48999999999999999
0.44 0.11
0.050000000000000003 0.34000000000000002
0.91000000000000003 0.75
0.55000000000000004 0.14000000000000001
0.89000000000000001 0.68000000000000005
0.93000000000000005 0.17999999999999999
0.050000000000000003 0.81999999999999995
0.22 0.81999999999999995
0.17000000000000001 0.29999999999999999
0.93000000000000005 0.73999999999999999
0.26000000000000001 0.93000000000000005
0.85999999999999999 0.53000000000000003
0.42999999999999999 0.73999999999999999
0.14000000000000001 0.13
0.79000000000000004 0.77000000000000002
0.62 0.75
0.88 0.19
0.10000000000000001 0.32000000000000001
0.93999999999999995 0.17000000000000001
0.46000000000000002 0.34999999999999998
0.37 0.91000000000000003
0.53000000000000003 0.42999999999999999
0.72999999999999998 0.28000000000000003
0.25 0.91000000000000003
0.10000000000000001 0.17999999999999999
0.17000000000000001 0.35999999999999999
0.63 0.55000000000000004
0.90000000000000002 0.57999999999999996
0.29999999999999999 0.040000000000000001
0.70999999999999996 0.60999999999999999
0.33000000000000002 0.84999999999999998
0.89000000000000001 0.72999999999999998
0.040000000000000001 0.51000000000000001
0.050000000000000003 0.5
0.68000000000000005 0.029999999999999999
0.84999999999999998 0.059999999999999998
0.94999999999999996 0.39000000000000001
0.48999999999999999 0.20000000000000001
0.67000000000000004 0.26000000000000001
0.63 0.77000000000000002
0.95999999999999996 0.81000000000000005
0.65000000000000002 0.59999999999999998
0.35999999999999999 0.55000000000000004
0.69999999999999996 0.17999999999999999
0.11 0.41999999999999998
0.32000000000000001 0.95999999999999996
0.79000000000000004 0.20999999999999999
0.69999999999999996 0.83999999999999997
0.71999999999999997 0.27000000000000002
0.34000000000000002 0.40000000000000002
0.82999999999999996 0.71999999999999997
0.97999999999999998 0.29999999999999999
0.63 0.46999999999999997
0.5 0.29999999999999999
0.72999999999999998 0.14000000000000001
0.58999999999999997 0.22
0.46999999999999997 0.23999999999999999
0.81999999999999995 0.34999999999999998
0.32000000000000001 0.040000000000000001
0.54000000000000004 0.42999999999999999
0.97999999999999998 0.85999999999999999
0.40000000000000002 0.78000000000000003
0.58999999999999997 0.62
0.62 0.82999999999999996
0.40999999999999998 0.47999999999999998
0.23000000000000001 0.23999999999999999
0.71999999999999997 0.22
0.54000000000000004 0.34999999999999998
0.20999999999999999 0.56999999999999995
0.65000000000000002 0.46999999999999997
0.70999999999999996 0.76000000000000001
0.68999999999999995 0.17999999999999999
0.01 0.029999999999999999
0.53000000000000003 0.33000000000000002
0.070000000000000007 0.58999999999999997
0.28000000000000003 0.059999999999999998
0.96999999999999997 0.20000000000000001
0.83999999999999997 0.080000000000000002
0.34000000000000002 0.97999999999999998
0.91000000000000003 0.76000000000000001
0.97999999999999998 0.14999999999999999
0.52000000000000002 0.70999999999999996
0.89000000000000001 0.58999999999999997
0.059999999999999998 0.10000000000000001
0.16 0.23999999999999999
0.089999999999999997 0.39000000000000001
0 0.78000000000000003
0.089999999999999997 0.53000000000000003
0.81000000000000005 0.14000000000000001
0.38 0.89000000000000001
0.26000000000000001 0.67000000000000004
0.46999999999999997 0.23000000000000001
0.87 0.31
0.32000000000000001 0.22
0.81000000000000005 0.75
0.5 0.79000000000000004
0.90000000000000002 0.54000000000000004
0.5 0.31
0.13 0.56999999999999995
0.93999999999999995 0.81000000000000005
0.81000000000000005 0.029999999999999999
0.20000000000000001 0.33000000000000002
0.81999999999999995 0.81000000000000005
0.87 0.14999999999999999
0.95999999999999996 0.25
0.040000000000000001 0.22
0.92000000000000004 0.51000000000000001
0.96999999999999997 0.32000000000000001
0.34000000000000002 0.81000000000000005
0.059999999999999998 0.14999999999999999
0.56999999999999995 0.080000000000000002
0.94999999999999996 0.98999999999999999
0.62 0.96999999999999997
0.82999999999999996 0.76000000000000001
0.54000000000000004 0.77000000000000002
0.089999999999999997 0.87
0.32000000000000001 0.81999999999999995
0.20999999999999999 0.66000000000000003
0.63 0.59999999999999998
0.81999999999999995 0.11
0.84999999999999998 0.85999999999999999
0.84999999999999998 0.29999999999999999
0.90000000000000002 0.82999999999999996
0.14000000000000001 0.76000000000000001
0.16 0.20000000000000001
0.92000000000000004 0.25
0.28000000000000003 0.39000000000000001
0.25 0.90000000000000002
0.35999999999999999 0.59999999999999998
0.17999999999999999 0.42999999999999999
0.37 0.28000000000000003
0.81999999999999995 0.20999999999999999
0.10000000000000001 0.55000000000000004
0.88 0.25
0.14999999999999999 0.69999999999999996
0.37 0.53000000000000003
0.080000000000000002 0.22
0.82999999999999996 0.5
0.56999999999999995 0.96999999999999997
0.27000000000000002 0.26000000000000001
0.68999999999999995 0.70999999999999996
0.51000000000000001 0.48999999999999999
0.10000000000000001 0.28000000000000003
0.39000000000000001 0.97999999999999998
0.88 0.10000000000000001
0.93000000000000005 0.77000000000000002
0.90000000000000002 0.76000000000000001
0.98999999999999999 0.52000000000000002
0.31 0.87
0.77000000000000002 0.98999999999999999
0.56999999999999995 0.66000000000000003
0.52000000000000002 0.17000000000000001
0.40999999999999998 0.34999999999999998
0.68000000000000005 0.97999999999999998
0.83999999999999997 0.94999999999999996
0.76000000000000001 0.050000000000000003
0.66000000000000003 0.28000000000000003
0.54000000000000004 0.28000000000000003
0.080000000000000002 0.93000000000000005
0.78000000000000003 0.96999999999999997
0.55000000000000004 0.71999999999999997
0.73999999999999999 0.45000000000000001
0 0.25
0.96999999999999997 0.82999999999999996
0.12 0.27000000000000002
0.81999999999999995 0.20999999999999999
0.93000000000000005 0.34000000000000002
0.39000000000000001 0.34000000000000002
0.20999999999999999 0.58999999999999997
0.84999999999999998 0.56999999999999995
0.54000000000000004 0.60999999999999999
0.62 0.71999999999999997
0.40999999999999998 0.16
0.52000000000000002 0.5
0.62 0.81999999999999995
0.98999999999999999 0.17000000000000001
0.54000000000000004 0.72999999999999998
0.14999999999999999 0.059999999999999998
0.51000000000000001 0.64000000000000001
0.90000000000000002 0.63
0.91000000000000003 0.71999999999999997
0.37 0.37
0.58999999999999997 0.28000000000000003
0.70999999999999996 0.80000000000000004
0.87 0.56000000000000005
0.90000000000000002 0.40999999999999998
0.69999999999999996 0.52000000000000002
0.65000000000000002 0.11
0.68999999999999995 0.17000000000000001
0.60999999999999999 0.82999999999999996
0.51000000000000001 0.12
0 0.059999999999999998
0.38 0.67000000000000004
0.64000000000000001 0.89000000000000001
0.32000000000000001 0.54000000000000004
0.040000000000000001 0.75
0.79000000000000004 0.40999999999999998
0.12 0.38
0.68999999999999995 0.35999999999999999
0.69999999999999996 0.56000000000000005
0.44 0.59999999999999998
0.48999999999999999 0.14000000000000001
0.65000000000000002 0.14000000000000001
0.26000000000000001 0.85999999999999999
0.82999999999999996 0.39000000000000001
0.68999999999999995 0.34999999999999998
0.52000000000000002 0.20999999999999999
0.93000000000000005 0.90000000000000002
0.89000000000000001 0.089999999999999997
0.31 0.72999999999999998
0.64000000000000001 0.34999999999999998
0.47999999999999998 0.94999999999999996
0.77000000000000002 0.13
0.33000000000000002 0.97999999999999998
0.48999999999999999 0.55000000000000004
0.55000000000000004 0.93000000000000005
0.68000000000000005 0.56000000000000005
0.59999999999999998 0.33000000000000002
0.23000000000000001 0.85999999999999999
0.70999999999999996 0.57999999999999996
0.77000000000000002 0.40000000000000002
0.45000000000000001 0.81000000000000005
0.60999999999999999 0.90000000000000002
0.23000000000000001 0.5
0 0.54000000000000004
0.75 0.64000000000000001
0.41999999999999998 0.23999999999999999
0.58999999999999997 0.19
0.89000000000000001 0.44
0.68999999999999995 0.38
0.51000000000000001 0.76000000000000001
0.82999999999999996 0.19
0.33000000000000002 0.42999999999999999
0.040000000000000001 0.56000000000000005
0.81000000000000005 0.75
0.66000000000000003 0.11
0.67000000000000004 0.12
0.92000000000000004 0.28999999999999998
0.02 0.68000000000000005
0.31 0.02
0.73999999999999999 0.070000000000000007
0.17999999999999999 0.16
0.82999999999999996 0.77000000000000002
0.87 0.71999999999999997
0.72999999999999998 0.56999999999999995
0.62 0.25
0.33000000000000002 0.96999999999999997
0.95999999999999996 0.17999999999999999
0.40999999999999998 0.53000000000000003
0.26000000000000001 0.73999999999999999
0.80000000000000004 0.93000000000000005
0.84999999999999998 0.47999999999999998
0.050000000000000003 0.29999999999999999
0.28999999999999998 0.58999999999999997
0.97999999999999998 0.59999999999999998
0.62 0.23999999999999999
0.19 0.80000000000000004
0.40999999999999998 0.02
0.10000000000000001 0.80000000000000004
0.26000000000000001 0.82999999999999996
0.89000000000000001 0.40000000000000002
0.080000000000000002 0.23000000000000001
0.38 0.56999999999999995
0.93000000000000005 0.31
0.10000000000000001 0.20000000000000001
0.050000000000000003 0.90000000000000002
0.13 0.91000000000000003
0.38 0.69999999999999996
0.20999999999999999 0.67000000000000004
0.28999999999999998 0.70999999999999996
0.80000000000000004 0.42999999999999999
0.94999999999999996 0.98999999999999999
0.23999999999999999 0.88
0.54000000000000004 0.85999999999999999
0.68999999999999995 0.32000000000000001
0.68999999999999995 0.10000000000000001
0.72999999999999998 0.29999999999999999
0.33000000000000002 0.63
0.87 0.79000000000000004
0.93999999999999995 0.48999999999999999
0.98999999999999999 0.51000000000000001
0.39000000000000001 0.64000000000000001
0.41999999999999998 0.29999999999999999
0.85999999999999999 0.14999999999999999
0.48999999999999999 0.14999999999999999
0.85999999999999999 0.81000000000000005
0.11 0.34000000000000002
0.33000000000000002 0.87
0.22 0.87
0.72999999999999998 0.42999999999999999
0.19 0.41999999999999998
0.54000000000000004 0.44
0.23999999999999999 0.39000000000000001
0.58999999999999997 0.63
0.17999999999999999 0.53000000000000003
0.12 0.68999999999999995
0.050000000000000003 0.040000000000000001
0.33000000000000002 0.98999999999999999
0.34000000000000002 0.19
0.14999999999999999 0.34999999999999998
0.87 0.53000000000000003
0.68999999999999995 0.5
0.87 0.02
0.37 0.62
0.89000000000000001 0.10000000000000001
0.050000000000000003 0.59999999999999998
0.040000000000000001 0.11
0.56999999999999995 0.28999999999999998
0.029999999999999999 0.16
0.92000000000000004 0.20999999999999999
0.22 0.050000000000000003
0.42999999999999999 0.79000000000000004
0.60999999999999999 0.28000000000000003
0.78000000000000003 0.46999999999999997
0 0.45000000000000001
0.81999999999999995 0.87
0.98999999999999999 0.51000000000000001
0.89000000000000001 0.85999999999999999
0.53000000000000003 0.26000000000000001
0.47999999999999998 0.93999999999999995
0.35999999999999999 0.059999999999999998
0.070000000000000007 0.92000000000000004
0.17000000000000001 0.64000000000000001
0.20999999999999999 0.20000000000000001
0.80000000000000004 0.66000000000000003
0.93999999999999995 0.54000000000000004
0.23000000000000001 0.37
0.33000000000000002 0.83999999999999997
0.17000000000000001 0.12
0.31 0.17000000000000001
0.089999999999999997 0.65000000000000002
0.56000000000000005 0.080000000000000002
0.68999999999999995 0.45000000000000001
0.94999999999999996 0.22
0.70999999999999996 0.94999999999999996
0.68999999999999995 0.58999999999999997
0.01 0.76000000000000001
0.52000000000000002 0.70999999999999996
0.40000000000000002 0.25
0.42999999999999999 0.71999999999999997
0.91000000000000003 0.89000000000000001
0.27000000000000002 0.66000000000000003
0.78000000000000003 0.12
0.5 0.95999999999999996
0.23999999999999999 0.33000000000000002
0.13 0.85999999999999999
0.98999999999999999 0.69999999999999996
0.93999999999999995 0.68000000000000005
0.14999999999999999 0.40999999999999998
0.41999999999999998 0.39000000000000001
0.37 0.63
0.97999999999999998 0.90000000000000002
0.39000000000000001 0.02
0.13 0.31
0.28000000000000003 0.56999999999999995
0.040000000000000001 0.70999999999999996
0.46000000000000002 0.82999999999999996
0.38 0.25
0.94999999999999996 0.40000000000000002
0.20999999999999999 0.71999999999999997
0.26000000000000001 0.34000000000000002
0.57999999999999996 0.25
0.56000000000000005 0.52000000000000002
0.45000000000000001 0.71999999999999997
0.46000000000000002 0.39000000000000001
0.11 0.82999999999999996
0.029999999999999999 0.60999999999999999
0.25 0.41999999999999998
0.16 0.39000000000000001
0.73999999999999999 0.44
0.95999999999999996 0.29999999999999999
0.67000000000000004 0.93999999999999995
0.13 0.56999999999999995
0.19 0.59999999999999998
0.5 0.92000000000000004
0.32000000000000001 0.76000000000000001
0.79000000000000004 0.90000000000000002
0.53000000000000003 0.34999999999999998
0.94999999999999996 0.97999999999999998
0.070000000000000007 0.40999999999999998
0.37 0.69999999999999996
0.76000000000000001 0.40000000000000002
0.83999999999999997 0.01
0.82999999999999996 0
0.92000000000000004 0.089999999999999997
0.95999999999999996 0.40000000000000002
0.39000000000000001 0.63
0.34999999999999998 0.040000000000000001
0.72999999999999998 0.059999999999999998
0.64000000000000001 0.23000000000000001
0.51000000000000001 0.48999999999999999
0.51000000000000001 0.29999999999999999
0.39000000000000001 0.040000000000000001
0.65000000000000002 0.85999999999999999
0.02 0.25
0.79000000000000004 0.91000000000000003
0.46999999999999997 0.070000000000000007
0.83999999999999997 0.31
0.60999999999999999 0.19
0.31 0.53000000000000003
0.28000000000000003 0.27000000000000002
0.93999999999999995 0.19
0.42999999999999999 0.81000000000000005
0.23000000000000001 0.68000000000000005
0.87 0.39000000000000001
0.42999999999999999 0.38
0.88 0.93999999999999995
0.20000000000000001 0.80000000000000004
0.97999999999999998 0.85999999999999999
0.17999999999999999 0.52000000000000002
0.63 0.97999999999999998
0.94999999999999996 0.10000000000000001
0.050000000000000003 0.79000000000000004
0.41999999999999998 0.66000000000000003
0.97999999999999998 0.25
0.71999999999999997 0.78000000000000003
0.53000000000000003 0.66000000000000003
0.96999999999999997 0.47999999999999998
0.46999999999999997 0.71999999999999997
0.16 0.85999999999999999
0.12 0.58999999999999997
0.77000000000000002 0
0.53000000000000003 0.96999999999999997
0.32000000000000001 0.029999999999999999
0.34999999999999998 0.51000000000000001
0.070000000000000007 0.97999999999999998
0.48999999999999999 0.54000000000000004
0.60999999999999999 0.059999999999999998
0.34000000000000002 0.029999999999999999
0.25 0.83999999999999997
0.28000000000000003 0.96999999999999997
0.63 0.33000000000000002
0.14999999999999999 0.59999999999999998
0.81000000000000005 0.14000000000000001
0.84999999999999998 0.96999999999999997
0 0.96999999999999997
0.080000000000000002 0.28999999999999998
0.48999999999999999 0.13
0.79000000000000004 0.34000000000000002
0.16 0.14000000000000001
0.84999999999999998 0.75
0.65000000000000002 0.85999999999999999
0.29999999999999999 0.26000000000000001
0.92000000000000004 0.16
0.28999999999999998 0.68999999999999995
0.52000000000000002 0.089999999999999997
0.66000000000000003 0.14999999999999999
0.94999999999999996 0.33000000000000002
0.28000000000000003 0.76000000000000001
0.46999999999999997 0.13
0.26000000000000001 0
0.62 0.85999999999999999
0.28999999999999998 0.63
0 0.080000000000000002
0.96999999999999997 0.16
0.75 0.81999999999999995
0.44 0.40000000000000002
0.20000000000000001 0.26000000000000001
0.17999999999999999 0.65000000000000002
0.93999999999999995 0.98999999999999999
0.34000000000000002 0.46000000000000002
0.080000000000000002 0.53000000000000003
0.62 0.029999999999999999
0.85999999999999999 0.41999999999999998
0.32000000000000001 0.34000000000000002
0.070000000000000007 0.10000000000000001
0.34000000000000002 0.68999999999999995
0.95999999999999996 0.14999999999999999
0.83999999999999997 0.95999999999999996
0.23999999999999999 0.81999999999999995
0.65000000000000002 0.51000000000000001
0.16 0.60999999999999999
0.42999999999999999 0.37
0.87 0.60999999999999999
0.02 0.81000000000000005
0.59999999999999998 0.88
0.79000000000000004 0.20000000000000001
0.40999999999999998 0.93000000000000005
0.23999999999999999 0.28000000000000003
0.34999999999999998 0.080000000000000002
0.62 0.41999999999999998
0.69999999999999996 0.95999999999999996
0.63 0.66000000000000003
0.11 0
0.14999999999999999 0.87
0.34000000000000002 0.32000000000000001
0.90000000000000002 0.5
0.93000000000000005 0.33000000000000002
0.39000000000000001 0.80000000000000004
0.93999999999999995 0.93000000000000005
0.13 0.54000000000000004
0.81999999999999995 0.44
0.75 0.23000000000000001
0.38 0.51000000000000001
0.51000000000000001 0.72999999999999998
0.11 0.65000000000000002
0.68000000000000005 0.81000000000000005
0.13 0.82999999999999996
0.98999999999999999 0.77000000000000002
0.34999999999999998 0.14000000000000001
0.64000000000000001 0.68999999999999995
0.46000000000000002 0.070000000000000007
0.71999999999999997 0.91000000000000003
0.40000000000000002 0.11
0.23000000000000001 0.87
0.56999999999999995 0.35999999999999999
0.93000000000000005 0.39000000000000001
0.81000000000000005 0.20000000000000001
0.14000000000000001 0.70999999999999996
0.70999999999999996 0.17999999999999999
0.95999999999999996 0.34000000000000002
0.82999999999999996 0.64000000000000001
0.67000000000000004 0.96999999999999997
0 0.67000000000000004
0.73999999999999999 0.34999999999999998
0.33000000000000002 0.90000000000000002
0.56999999999999995 0.32000000000000001
0.48999999999999999 0.28999999999999998
0.23000000000000001 0.90000000000000002
0.92000000000000004 0.46999999999999997
0.28999999999999998 0.48999999999999999
0.34999999999999998 0.22
0.40000000000000002 0.68000000000000005
0.42999999999999999 0.55000000000000004
0.39000000000000001 0.66000000000000003
0.25 0.35999999999999999
0.53000000000000003 0.59999999999999998
0.52000000000000002 0.20000000000000001
0.56999999999999995 0.040000000000000001
0.87 0.82999999999999996
0.40000000000000002 0.20999999999999999
0.26000000000000001 0.96999999999999997
0.050000000000000003 0.27000000000000002
0.78000000000000003 0.28000000000000003
0.68999999999999995 0.69999999999999996
0.27000000000000002 0.97999999999999998
0.20000000000000001 0.63
0.20999999999999999 0.59999999999999998
0.82999999999999996 0.16
0.67000000000000004 0.23000000000000001
0.81999999999999995 0.92000000000000004
0.11 0.34999999999999998
0.53000000000000003 0.63
0.080000000000000002 0.62
0.68000000000000005 0.94999999999999996
0.97999999999999998 0.59999999999999998
0.68000000000000005 0.76000000000000001
0.089999999999999997 0.72999999999999998
0.029999999999999999 0.87
0.54000000000000004 0.72999999999999998
0.56999999999999995 0.81000000000000005
0.23000000000000001 0.28999999999999998
0.95999999999999996 0.44
0.41999999999999998 0.80000000000000004
0.12 0.089999999999999997
0.55000000000000004 0.46999999999999997
0.54000000000000004 0.66000000000000003
0.34000000000000002 0.58999999999999997
0.81000000000000005 0.41999999999999998
0.72999999999999998 0.01
0.38 0.70999999999999996
0.13 0.57999999999999996
0.98999999999999999 0.22
0.83999999999999997 0.55000000000000004
0.60999999999999999 0.90000000000000002
0.80000000000000004 0.70999999999999996
0.23000000000000001 0.029999999999999999
0 0.20000000000000001
0 0.41999999999999998
0.52000000000000002 0.12
0.040000000000000001 0.070000000000000007
0.58999999999999997 0.57999999999999996
0.25 0.93999999999999995
0.17000000000000001 0.57999999999999996
0.35999999999999999 0.90000000000000002
0.59999999999999998 0.26000000000000001
0.14000000000000001 0.72999999999999998
0.37 0.65000000000000002
0.47999999999999998 0.20999999999999999
0.20000000000000001 0.089999999999999997
0.63 0
0.32000000000000001 0.85999999999999999
0.040000000000000001 0.33000000000000002
0.57999999999999996 0.56000000000000005
0.27000000000000002 0.10000000000000001
0.68000000000000005 0.31
0.68999999999999995 0.28000000000000003
0.40999999999999998 0.46000000000000002
0.73999999999999999 0.57999999999999996
0.050000000000000003 0.10000000000000001
0.01 0.65000000000000002
0.89000000000000001 0.67000000000000004
0.90000000000000002 0.26000000000000001
0.32000000000000001 0.38
0.98999999999999999 0.050000000000000003
0 0.62
0.56999999999999995 0.32000000000000001
0.47999999999999998 0.60999999999999999
0.17000000000000001 0.070000000000000007
0.68999999999999995 0.96999999999999997
0.68999999999999995 0.38
0.28000000000000003 0.39000000000000001
0.17999999999999999 0.69999999999999996
0.84999999999999998 0.92000000000000004
0.80000000000000004 0.41999999999999998
0.54000000000000004 0.33000000000000002
0.070000000000000007 0.42999999999999999
0 0.5
0.20999999999999999 0.84999999999999998
0.88 0.20000000000000001
0.90000000000000002 0.40000000000000002
0.34000000000000002 0.46999999999999997
0.25 0.82999999999999996
0.60999999999999999 0.93999999999999995
0.41999999999999998 0.29999999999999999
0.91000000000000003 0.63
0.20000000000000001 0.20000000000000001
0.54000000000000004 0.38
0.41999999999999998 0.92000000000000004
0.29999999999999999 0.22
0.34000000000000002 0.84999999999999998
0.080000000000000002 0.93999999999999995
0.80000000000000004 0.080000000000000002
0.44 0.02
0.45000000000000001 0.83999999999999997
0.22 0.87
0.25 0.56999999999999995
0.34999999999999998 0.02
0.92000000000000004 0.47999999999999998
0.95999999999999996 0.85999999999999999
0.29999999999999999 0.40000000000000002
0.48999999999999999 0.51000000000000001
0.12 0.56000000000000005
0.89000000000000001 0.54000000000000004
0.47999999999999998 0.71999999999999997
0.28000000000000003 0.81999999999999995
0.56999999999999995 0.88
0.76000000000000001 0.37
0.96999999999999997 0.20000000000000001
0.39000000000000001 0.93999999999999995
0.050000000000000003 0.14000000000000001
0.81999999999999995 0.81999999999999995
0.23000000000000001 0.68999999999999995
0.35999999999999999 0.14999999999999999
0.17000000000000001 0.83999999999999997
0.53000000000000003 0.98999999999999999
0.23999999999999999 0.54000000000000004
0.5 0.35999999999999999
0.10000000000000001 0.92000000000000004
0.41999999999999998 0.57999999999999996
0.64000000000000001 0.23000000000000001
0.40999999999999998 0.20999999999999999
0.11 0.68999999999999995
0.10000000000000001 0.59999999999999998
0.90000000000000002 0.02
0.55000000000000004 0.46999999999999997
0.16 0.89000000000000001
0.81000000000000005 0.39000000000000001
0.57999999999999996 0.17000000000000001
0.059999999999999998 0.75
0.01 0.11
0.73999999999999999 0.78000000000000003
0.65000000000000002 0.77000000000000002
0.66000000000000003 0.76000000000000001
0.68999999999999995 0.60999999999999999
0.34000000000000002 0.33000000000000002
0.35999999999999999 0.27000000000000002
0.059999999999999998 0.98999999999999999
0.96999999999999997 0.16
0.59999999999999998 0.39000000000000001
0.69999999999999996 0.67000000000000004
0.85999999999999999 0.85999999999999999
0.080000000000000002 0.67000000000000004
0.77000000000000002 0.66000000000000003
0.35999999999999999 0.34999999999999998
0.93000000000000005 0.37
0.46000000000000002 0.19
0.67000000000000004 0.12
0.95999999999999996 0.34000000000000002
0.40000000000000002 0.17000000000000001
0.94999999999999996 0.73999999999999999
0.5 0.31
0.02 0.080000000000000002
0.29999999999999999 0.51000000000000001
0.25 0.41999999999999998
0.90000000000000002 0.46999999999999997
0.60999999999999999 0.76000000000000001
0.34000000000000002 0.68999999999999995
0.94999999999999996 0.63
0.34999999999999998 0.31
