0.24169999999999997 1.1454
0.79520000000000002 1.1461000000000001
0.79870000000000008 2.3782000000000001
1.1209 2.4411999999999998
1.0646 2.3851
0.69550000000000001 3.4909999999999997
1.4923999999999999 3.3718000000000004
1.8746 4.8704000000000001
2.3585000000000003 5.5528000000000004
2.0990999999999995 4.7431999999999999
1.6334 6.2160000000000002
2.2148000000000003 7.339900000000001
2.0490999999999997 7.1657000000000002
2.3290000000000002 8.0701000000000001
2.9182000000000001 8.6118999999999986
1.3803999999999998 8.1638999999999999
2.0608000000000004 8.4945000000000004
2.8535999999999992 9.452399999999999
1.8715000000000002 10.490599999999999
3.0204 9.2461000000000002
2.4322999999999997 11.256800000000002
1.3292999999999997 10.726799999999997
2.8818000000000001 10.904700000000002
3.2236999999999991 12.554299999999998
2.5278999999999998 14.7822
2.8379000000000003 12.563900000000002
2.3958000000000004 14.180700000000002
2.0228999999999999 15.075600000000003
3.3677999999999999 16.157499999999999
2.7871000000000001 16.326999999999998
3.1108000000000002 15.480299999999996
2.1191999999999998 16.303400000000003
3.8533000000000008 16.2331
4.7694000000000001 18.181299999999997
3.2943000000000002 18.137999999999998
2.7622 18.042799999999996
2.5476000000000001 19.006599999999995
1.3779000000000006 19.21609999999999
2.7242999999999999 21.361799999999992
2.0676000000000005 18.377700000000001
1.5571999999999993 20.729500000000002
2.8816000000000006 21.461499999999997
2.319500000000001 21.775800000000004
4.1404000000000005 22.158000000000005
2.5221999999999998 22.840800000000002
1.0929999999999995 20.954799999999999
3.1984000000000008 25.269999999999996
2.9133999999999998 23.957499999999992
0.88500000000000023 24.863600000000002
2.9427999999999983 27.914899999999996
2.2408999999999999 27.453900000000004
1.6360000000000001 28.294899999999991
2.8132999999999995 29.647500000000004
2.5468999999999991 28.098899999999997
1.9773000000000014 28.895700000000009
1.5444000000000013 29.994600000000002
0.69250000000000023 30.6431
2.0900000000000003 31.567199999999993
1.5964 31.0305
2.4385999999999997 33.998200000000004
2.3805000000000005 33.214299999999994
1.3770999999999998 30.693800000000017
0.63099999999999956 34.576900000000002
1.3101999999999998 33.708399999999997
3.4386000000000001 35.240499999999983
0.35590000000000027 35.798999999999978
1.4043000000000001 34.448699999999995
2.5987999999999998 35.467799999999997
1.4173000000000002 38.122699999999988
1.309099999999999 35.485499999999995
3.0645000000000007 37.181699999999999
1.6125999999999998 35.058399999999992
1.5683000000000005 38.019300000000001
4.0722999999999994 39.255800000000008
1.8298999999999992 38.6188
-0.031799999999999898 38.455100000000002
0.40259999999999979 40.285400000000003
0.65380000000000016 39.629799999999996
0.74110000000000031 41.754500000000029
1.0887999999999987 37.501900000000006
0.38719999999999954 39.891600000000011
2.4820000000000011 41.511600000000008
0.48500000000000043 40.309600000000003
3.9319999999999991 40.868600000000001
0.19950000000000012 41.708599999999969
0.71009999999999984 42.121899999999989
0.39210000000000045 45.601700000000008
2.3998999999999997 45.586500000000008
1.8123000000000005 47.481000000000009
-0.49939999999999973 44.554099999999998
2.9214999999999991 44.958500000000001
1.7555000000000005 46.647200000000005
1.5188999999999999 45.615900000000011
1.9622999999999999 45.736100000000008
0.36319999999999952 48.259900000000002
4.3203000000000014 46.74560000000001
1.9387000000000001 50.590999999999994
3.8411000000000013 49.8474
2.0144000000000015 51.823199999999993
3.4608000000000008 49.031000000000006
2.3670000000000018 51.265299999999975
1.8687999999999994 54.700699999999983
0.50759999999999961 50.12530000000001
1.0926999999999993 52.553599999999982
4.7405999999999997 53.014900000000011
1.7197999999999989 52.934099999999987
2.9226000000000001 52.830199999999998
1.4967999999999999 55.849600000000009
3.7062000000000004 54.702600000000018
2.6725999999999965 55.94459999999998
2.5035999999999978 57.355699999999992
3.0892000000000008 55.847099999999983
3.8876000000000013 60.209200000000003
3.4377000000000013 57.419399999999989
1.5329000000000006 60.014499999999984
2.0945999999999998 60.412299999999995
3.5146000000000002 60.698400000000007
3.3757999999999986 63.490600000000022
3.3448999999999969 62.272199999999984
4.7605000000000013 58.725200000000008
0.95270000000000032 63.070299999999946
5.255300000000001 60.176700000000032
3.5331000000000006 64.604299999999981
5.2503000000000002 60.474600000000024
3.2289999999999974 62.775900000000007
3.8374999999999977 62.883799999999979
3.9339000000000008 65.152099999999962
3.984999999999999 66.793399999999991
4.2857999999999965 63.130899999999983
4.7122999999999964 66.562799999999982
2.5696999999999992 63.673299999999998
2.9780000000000015 65.740899999999982
3.0633000000000012 70.000099999999989
4.2554000000000016 66.041100000000014
3.8342000000000001 69.750700000000009
4.2996000000000016 69.1905
4.9120000000000017 70.005500000000012
5.0109999999999966 71.592899999999972
5.7840999999999942 72.266499999999965
5.3394000000000013 70.077600000000004
4.8379999999999965 73.006899999999987
2.8777000000000008 74.554699999999983
4.3552999999999997 73.299300000000045
4.359200000000004 76.104600000000005
4.3206000000000016 74.368299999999977
4.5032000000000032 73.892000000000024
4.3031000000000006 77.145899999999997
4.9913999999999961 75.692900000000023
5.3653999999999993 78.586400000000054
5.953400000000002 78.527900000000017
4.3763000000000032 78.818800000000067
4.9820999999999991 80.721899999999991
2.5599000000000016 81.787700000000015
3.4651000000000023 80.638700000000071
2.3155000000000006 79.458000000000041
3.2813000000000012 81.302700000000016
3.0974999999999993 83.295300000000054
3.1631999999999993 81.880100000000013
2.2779000000000007 86.053300000000036
3.3304000000000018 80.123800000000031
3.0898000000000017 84.125900000000016
2.0625000000000009 84.596899999999962
3.5153999999999983 84.726099999999974
1.6133999999999999 84.573799999999991
4.7510999999999992 86.327799999999954
3.8696999999999981 85.298499999999976
0.58400000000000141 86.5886
4.2639999999999993 88.549300000000002
0.13679999999999878 86.224999999999994
3.7375999999999996 87.577899999999943
1.6404000000000005 87.901000000000025
-0.39859999999999995 85.317300000000017
4.9865999999999975 85.595299999999952
3.3299999999999974 86.44410000000002
3.2170000000000036 90.465300000000028
3.6778999999999984 87.178900000000013
2.9712000000000001 90.888899999999964
3.089500000000001 91.247400000000027
1.4903 91.657700000000048
1.4740000000000002 92.905100000000047
2.7984999999999993 93.21080000000002
2.1113000000000004 90.193599999999975
3.7885999999999989 92.915899999999993
1.9245999999999992 91.8934
-0.54029999999999867 92.701699999999974
3.0789999999999971 93.054800000000043
2.5269999999999966 94.642400000000009
1.0333000000000006 95.46690000000001
-0.91219999999999923 94.040599999999984
5.0791999999999984 95.937099999999916
1.3712999999999993 97.396799999999985
3.7147000000000006 97.864600000000024
-1.8838999999999981 98.554800000000043
2.8719999999999986 99.084300000000042
-2.2310999999999996 98.423499999999976
-0.33790000000000125 99.459000000000003
-0.2531000000000006 98.906800000000004
-0.26429999999999992 99.268999999999963
3.0907000000000013 96.363500000000002
1.0765999999999989 99.215700000000012
4.0293999999999981 103.03199999999997
1.5705 103.15739999999994
3.9233999999999987 103.59480000000005
3.8095999999999997 101.71659999999999
3.4480000000000031 102.47400000000005
-0.60050000000000225 101.08150000000002
4.7492000000000028 108.65029999999994
5.4677000000000007 103.24020000000012
3.1359999999999983 103.76640000000003
5.8622000000000014 106.88030000000002
4.423600000000004 104.47729999999999
3.7056999999999989 105.56650000000002
3.3832000000000004 107.29550000000008
3.4053999999999984 107.46040000000002
2.2886999999999991 109.07120000000002
4.5014999999999992 107.7372
4.7658000000000005 111.33729999999997
6.3565000000000005 107.06730000000007
5.8440999999999956 111.44389999999993
1.9599000000000015 112.50899999999999
2.3456999999999981 109.66900000000005
5.0116999999999994 110.57049999999998
2.9249999999999994 114.58469999999994
2.8951999999999973 113.54279999999997
4.6225999999999958 111.53079999999997
2.2045000000000012 116.21670000000003
2.422099999999999 117.18669999999997
5.2202000000000011 116.01850000000002
2.6121999999999987 115.02599999999995
4.8753999999999991 113.12059999999997
4.0928000000000022 118.94809999999994
5.177500000000002 114.9169
3.8595999999999986 117.0968
4.6581000000000019 117.13420000000002
5.0969000000000024 118.97619999999999
0.27969999999999973 117.7367
2.2243000000000017 119.63770000000001
5.3042000000000016 123.13819999999991
4.2043000000000061 120.65349999999997
2.0291000000000006 120.02030000000002
5.1566999999999972 121.93669999999999
3.1246000000000018 119.61999999999998
4.5226000000000024 122.34299999999996
4.8398000000000021 121.6482
6.3957999999999986 126.66140000000009
0.38880000000000092 123.46350000000002
3.9071000000000002 125.63489999999999
4.0645999999999978 125.44730000000006
4.4261000000000017 123.35970000000002
5.6682999999999977 123.64090000000004
2.2181999999999999 130.10679999999994
3.5980000000000025 125.26020000000011
3.0404999999999989 125.80210000000001
4.7427000000000028 127.35890000000001
5.8821000000000065 131.42079999999993
7.0733000000000033 129.30159999999998
4.3256000000000014 128.82329999999993
6.6317999999999948 131.3771999999999
10.45079999999999 133.72480000000002
3.9832000000000001 128.85729999999998
4.5232000000000046 128.98299999999998
7.5385000000000009 132.79450000000006
1.0368000000000002 132.05489999999995
4.3145000000000016 134.02089999999993
4.4713000000000038 135.16250000000002
4.5476999999999963 134.43929999999995
0.84369999999999901 134.49080000000001
1.0577999999999996 134.53850000000003
4.4735000000000049 137.38939999999997
3.9592000000000018 134.67799999999986
-0.17720000000000213 141.15509999999998
3.1840000000000019 137.21769999999992
3.3628000000000009 140.21439999999998
0.13899999999999813 140.9053999999999
1.1107999999999993 137.61080000000004
2.7481000000000009 143.64509999999993
0.33350000000000424 143.89450000000005
3.3620000000000005 139.55159999999987
3.2686000000000024 146.48519999999996
3.7872000000000017 141.84289999999987
2.6674000000000024 142.05389999999997
5.5209999999999972 147.31940000000006
3.2182000000000022 143.21659999999997
0.76509999999999945 145.73750000000013
0.17820000000000003 145.34019999999998
3.2566000000000104 144.17010000000002
-0.64019999999999999 145.59049999999993
1.2800999999999974 147.09260000000009
0.87619999999999931 147.81620000000009
3.4698000000000015 149.92470000000003
0.28499999999999753 147.40739999999997
-4.0153000000000008 149.52549999999997
-0.072700000000003318 147.8476
-4.525199999999999 146.91469999999995
1.2340000000000015 152.643
1.1411000000000064 149.15450000000013
1.4875999999999967 149.05739999999997
2.7415999999999978 150.88470000000004
-0.77950000000000208 148.2653
-0.34929999999999972 151.5341
1.7178999999999958 149.88189999999997
-0.66309999999999991 154.31560000000002
-3.3080999999999992 157.73419999999993
-0.80639999999999956 152.24620000000004
0.076900000000001356 157.93809999999993
0.62139999999999718 159.56909999999991
-1.7433000000000003 153.65309999999994
1.2222999999999997 154.86479999999997
2.1530000000000014 159.1500999999999
-2.3740000000000019 155.6281000000001
2.3715000000000033 159.65440000000004
-4.0246999999999993 158.11059999999995
-2.4571000000000014 158.68790000000004
-2.7887000000000004 158.68380000000019
0.9775999999999978 161.88289999999986
-1.7725000000000013 163.46330000000012
0.7760999999999918 161.99089999999995
-0.30639999999999518 159.20960000000005
-0.32830000000000237 163.49550000000005
2.5833999999999997 158.36069999999995
-1.4555000000000007 158.4804
3.260400000000002 163.09270000000012
0.33239999999999814 163.69379999999981
2.6332 163.43660000000006
0.29869999999999586 166.90679999999981
1.5404000000000038 164.58349999999993
1.199599999999998 167.59800000000013
-2.3926999999999983 168.03250000000011
-0.5621999999999987 166.24910000000003
-0.35170000000000123 166.24070000000003
0.61060000000000125 165.73659999999995
-0.43869999999999887 168.26620000000008
1.462899999999997 161.77350000000004
-2.7390999999999996 167.25149999999999
3.1995999999999993 165.80159999999992
-3.7266999999999983 166.6819000000001
8.4511999999999983 168.15179999999992
0.24230000000000135 166.77209999999982
3.6424999999999979 169.13280000000015
6.4322000000000052 168.85929999999982
2.8750999999999971 172.20480000000006
-2.2601999999999984 172.24609999999976
1.9159999999999955 173.10950000000005
-0.012999999999995182 172.14590000000007
1.1506999999999998 174.61970000000002
4.1352999999999911 172.53529999999998
2.4884999999999984 173.07659999999996
3.0124000000000009 170.5352
0.42719999999999919 176.52440000000016
1.8325999999999993 173.19630000000001
5.0794000000000041 178.81420000000006
-0.35480000000000189 176.8429000000001
4.9757999999999969 180.38479999999996
4.9933000000000014 180.3185999999998
4.5428000000000024 180.16990000000013
-0.26909999999999656 176.18190000000001
1.5146999999999984 178.81690000000006
5.9992999999999999 179.59669999999997
-1.8482000000000034 182.14580000000004
1.729099999999999 178.17459999999988
6.0557000000000061 178.38630000000012
-0.65700000000000069 181.33979999999994
4.0740999999999969 183.76439999999994
0.91009999999999991 182.18169999999986
-1.2363999999999975 184.98310000000004
-0.46790000000000059 182.49040000000014
3.0306999999999951 187.87499999999983
2.7509000000000041 181.98600000000002
4.8951999999999991 185.49890000000022
2.4357000000000006 182.90409999999994
0.49570000000000358 181.84059999999982
3.7380000000000022 182.81389999999996
-4.3137000000000043 189.03430000000006
1.2618 186.80839999999992
3.433299999999996 187.70940000000004
1.0182000000000007 189.99559999999988
6.6647000000000052 189.37149999999994
2.0407999999999999 183.27300000000002
3.8765000000000041 188.53050000000002
3.1035000000000004 192.69270000000003
4.5381999999999962 191.47089999999997
2.4186000000000001 194.02179999999996
4.9322999999999952 194.51509999999999
2.8917999999999999 197.60419999999993
3.8324000000000056 194.87120000000004
3.432600000000003 194.05439999999999
4.9004999999999921 195.40669999999983
3.5387999999999966 193.9545
6.0362 195.98579999999998
5.4801999999999973 196.5301
6.9202999999999939 198.51650000000009
4.2004000000000001 197.44580000000016
3.0011999999999968 193.3969000000001
8.5722000000000058 203.0848
3.6367999999999947 202.21170000000004
4.101 204.36070000000024
3.3506999999999989 203.09179999999992
2.1487000000000007 200.01940000000013
5.8056000000000028 198.65129999999988
2.7648000000000019 201.37510000000015
4.4508000000000001 200.60010000000014
1.3898999999999995 203.15750000000006
5.7912999999999988 204.73239999999996
8.3536000000000001 203.27520000000001
4.3824000000000005 208.96170000000004
3.0060999999999982 203.6754
7.7221999999999982 204.51360000000008
5.7464000000000022 205.64310000000003
4.4338999999999986 204.34579999999997
2.5439999999999987 205.16850000000014
1.3749000000000002 203.09980000000007
8.213099999999999 208.95119999999997
5.0901999999999994 207.08349999999984
-0.37949999999999673 205.96089999999998
9.438200000000009 208.21490000000003
8.9210999999999991 206.95300000000003
5.018799999999997 205.51519999999999
10.080199999999992 208.36920000000009
5.8855999999999966 205.99279999999996
0.73709999999999876 210.22710000000021
2.6469000000000009 212.89599999999999
5.966899999999999 210.17830000000018
6.3224999999999971 214.56279999999987
0.62209999999999765 211.21380000000002
5.6522000000000006 212.54010000000011
5.5605999999999982 211.71129999999999
6.0169000000000024 212.61919999999995
5.4374000000000047 211.09300000000005
7.240700000000003 212.01309999999989
0.43700000000000072 210.07600000000005
0.3989999999999988 215.57770000000019
7.1177000000000001 215.2971000000002
7.8924999999999956 215.28099999999998
9.1722000000000037 220.01859999999999
6.7005999999999961 213.9795
5.4023000000000012 215.0628999999999
6.6026999999999951 218.46679999999995
3.2409999999999966 215.74400000000006
7.0696000000000012 216.4299
5.4183000000000039 215.89689999999999
4.8218000000000023 227.39230000000003
5.0557999999999987 218.5222
9.4935999999999972 219.25530000000009
4.3170000000000019 224.68069999999989
9.4462999999999955 219.1722
11.308900000000005 223.74059999999994
10.310899999999998 221.69960000000006
4.8501999999999992 225.8737999999999
8.6866000000000021 224.65420000000023
0.20779999999999987 225.77610000000004
1.1000000000000012 227.15570000000005
4.388799999999998 225.56870000000004
7.3374999999999977 225.3954
8.9783000000000079 226.23240000000004
8.5288000000000004 228.44570000000002
3.7640999999999982 225.547
6.7055999999999996 229.41630000000009
6.0766999999999953 224.61840000000004
8.265500000000003 227.13419999999999
4.3851999999999967 227.46550000000013
6.3231000000000055 230.51879999999963
5.5670999999999999 228.44150000000013
11.188200000000007 232.4905999999998
3.7596000000000038 230.94750000000022
5.2890999999999977 230.85000000000002
11.262299999999998 235.4268999999999
3.8252000000000002 232.25669999999971
2.7428999999999988 231.6018000000002
3.9415999999999989 235.61719999999983
5.0509999999999948 234.86859999999996
6.2426000000000039 230.27859999999998
11.19310000000001 238.58620000000016
5.3955999999999964 231.17810000000003
4.2237000000000018 236.40839999999989
3.5573999999999977 239.08240000000015
7.1262999999999987 235.9299000000002
8.9160000000000039 240.57430000000002
1.1092999999999984 237.89580000000007
7.622799999999998 237.98609999999999
5.3888999999999987 237.63879999999995
4.8355000000000032 241.1203999999999
5.4974999999999969 233.00580000000016
8.7310999999999943 245.08720000000002
7.9362000000000048 234.94209999999995
7.5218000000000025 237.49849999999986
11.449800000000002 240.32240000000007
12.543200000000009 246.19890000000015
4.7622000000000009 245.89359999999959
8.5844000000000129 243.44999999999993
7.2121999999999966 246.44370000000018
8.0178999999999991 248.24910000000017
7.5669000000000013 243.54550000000003
7.3236999999999988 247.65739999999977
5.1672999999999965 242.74330000000012
5.5499999999999998 252.34110000000001
6.7378999999999998 246.35670000000007
12.031599999999996 244.58009999999993
7.5887000000000047 243.31660000000008
3.8970000000000038 245.79690000000019
4.093799999999999 251.03329999999997
6.3021999999999956 250.71659999999989
7.4276000000000035 254.52680000000001
9.2502000000000084 251.21579999999997
6.9214999999999902 254.38510000000019
7.7436000000000007 257.48590000000013
6.9143000000000034 252.46020000000004
12.492599999999998 251.49600000000009
6.5330999999999939 248.57130000000006
6.1192000000000037 252.4148999999999
12.115899999999998 256.07560000000001
10.374499999999989 257.1601
15.161000000000017 256.4280999999998
6.7164999999999999 258.34279999999984
12.01169999999999 257.22160000000014
13.314699999999993 256.46519999999981
8.1673999999999953 259.45269999999999
11.477499999999992 255.64869999999991
12.702699999999998 257.57310000000001
11.152600000000017 256.36500000000007
14.28789999999999 262.66190000000023
13.216100000000015 262.61869999999999
12.361100000000002 261.58979999999991
10.618299999999994 260.75459999999998
10.778999999999998 259.19979999999993
11.251699999999992 257.45530000000002
12.320900000000007 264.98019999999985
12.670900000000016 267.16850000000022
13.681200000000009 263.68890000000005
7.6589999999999892 269.71429999999992
9.2273999999999869 267.92250000000001
8.4602000000000004 272.30759999999987
7.9894000000000078 269.6848
11.674500000000004 265.08879999999988
5.8437000000000028 269.77069999999992
9.8885000000000076 272.78639999999996
9.4480999999999984 270.22129999999987
4.1236000000000006 264.64640000000009
17.2898 272.99309999999997
8.2497000000000043 269.22809999999964
4.7321000000000035 275.4524000000003
14.329499999999999 272.48410000000018
8.6908999999999974 272.40250000000003
12.521200000000007 272.91679999999997
11.178000000000003 278.88749999999993
11.618199999999996 274.54069999999996
13.278200000000011 276.00999999999993
14.846399999999999 271.77779999999973
13.964600000000006 276.13549999999992
7.8377999999999997 274.67489999999992
6.1848000000000036 270.2549999999996
12.335300000000002 274.18860000000006
12.036599999999996 280.77340000000015
11.550500000000007 276.07659999999987
12.795000000000003 273.35109999999997
9.9094000000000015 280.87339999999995
10.89829999999999 281.31860000000017
14.492400000000002 281.3389999999996
8.6045999999999996 284.6903999999999
10.885000000000016 283.44129999999996
9.932400000000003 277.50570000000005
7.9587999999999974 283.0296000000003
14.367899999999992 288.58979999999985
10.353899999999999 284.23810000000003
11.949100000000003 285.21079999999978
13.295399999999994 284.61310000000014
11.071300000000015 287.35059999999993
10.970499999999989 282.35420000000016
9.9519999999999911 288.56680000000017
9.5922000000000054 288.04010000000005
10.729499999999993 288.09110000000015
15.76990000000001 284.40629999999987
15.248399999999998 283.65309999999994
12.936899999999996 283.62920000000008
12.861999999999998 288.94280000000009
15.130800000000011 287.67700000000013
10.925600000000008 285.90470000000022
20.530399999999997 285.82599999999974
11.258100000000011 287.66220000000004
12.775800000000016 290.34500000000025
12.020199999999997 293.76790000000022
15.845499999999994 288.92179999999968
14.375299999999983 299.42689999999993
14.397299999999989 292.33049999999997
11.65669999999999 288.63579999999973
13.978099999999987 297.03930000000003
11.254 293.21890000000013
10.337600000000004 293.4896999999998
11.249499999999994 291.65839999999997
11.643700000000013 299.08299999999997
11.930999999999999 289.69309999999996
8.5070999999999977 293.62470000000008
17.798799999999989 299.35929999999996
12.955600000000008 297.48090000000025
14.801 296.32289999999978
15.699700000000007 299.50160000000017
11.807800000000004 298.35160000000042
15.850800000000014 294.60299999999995
7.5041000000000029 301.48220000000015
12.851999999999991 298.50150000000008
11.285000000000002 298.5748000000001
9.313100000000011 304.48960000000039
11.304399999999999 297.52809999999988
13.786299999999999 298.10570000000024
10.0633 300.40579999999972
10.058300000000006 302.10820000000024
13.234700000000013 297.64339999999976
11.668199999999997 302.94359999999983
13.25690000000003 308.94040000000001
10.523600000000005 302.22899999999998
14.225299999999997 303.12939999999952
12.853400000000001 308.25
12.117900000000004 305.02459999999979
14.792300000000004 312.95589999999999
8.1342000000000034 306.77760000000018
16.240199999999991 307.93910000000011
15.503299999999992 307.13549999999975
17.943700000000018 308.93009999999975
12.85680000000001 308.1115999999999
15.678199999999997 310.86489999999981
14.129100000000003 310.77070000000015
14.708500000000015 311.33720000000034
14.998999999999997 310.72669999999994
16.926400000000008 313.41349999999971
15.073599999999994 309.08539999999988
18.236800000000013 313.66360000000009
22.265900000000038 312.53290000000015
5.508700000000001 313.40879999999999
12.509599999999985 315.88349999999974
11.957099999999995 313.54740000000044
12.830899999999994 312.44300000000038
11.108000000000002 315.1683000000001
11.270800000000019 310.80780000000044
13.102400000000003 313.19510000000031
11.105500000000024 319.45820000000032
12.079299999999993 312.6814
18.126999999999978 317.42950000000019
11.563000000000006 316.81729999999976
14.533299999999981 318.25359999999989
13.568900000000005 325.61239999999987
8.8101999999999929 322.94299999999976
11.634200000000003 314.82869999999986
10.800400000000007 320.4606
11.78820000000001 321.49340000000007
17.382200000000005 320.38079999999979
11.847299999999997 314.69589999999948
16.604299999999999 320.76680000000016
16.499900000000011 319.76330000000007
14.737599999999986 318.70310000000001
14.340599999999998 321.59999999999985
12.597000000000012 331.02800000000019
10.308400000000006 321.7628000000002
14.553399999999991 328.23340000000007
12.714899999999997 324.68570000000051
9.4394000000000045 330.75110000000018
12.868600000000013 324.2063
16.418699999999987 325.96009999999978
11.690699999999998 328.42959999999977
7.4103000000000083 325.1679000000002
8.2642999999999862 328.0732000000001
16.636900000000001 331.98779999999999
14.955199999999994 327.46419999999983
12.557400000000001 334.17349999999976
8.8559000000000019 325.96449999999999
11.478100000000016 330.92480000000006
17.404699999999984 334.24830000000003
11.006600000000013 331.0223000000002
15.366999999999996 328.09809999999976
10.239200000000004 329.87799999999976
10.714299999999994 328.25639999999981
14.871699999999993 334.92350000000005
13.047100000000007 332.18800000000033
11.086499999999997 332.79230000000001
6.7901999999999942 331.70949999999954
12.169700000000015 337.60819999999973
14.524599999999985 331.87200000000001
10.654000000000002 338.12099999999981
15.359199999999994 337.95330000000041
12.72050000000001 338.65929999999958
12.324099999999985 333.43790000000047
8.3415999999999997 340.97199999999987
7.3023999999999889 337.21220000000005
4.848499999999996 335.27759999999978
11.042200000000005 340.01139999999981
10.810299999999994 341.11570000000052
11.050399999999996 339.08310000000051
10.670800000000009 340.11789999999957
6.8649000000000031 338.82340000000022
9.1371000000000002 342.01130000000018
10.424500000000011 342.97649999999993
10.136600000000012 346.04730000000006
6.6974999999999971 343.70530000000014
16.879999999999985 349.64050000000003
10.382600000000005 348.09949999999992
13.063000000000006 345.92790000000036
10.710399999999995 348.40799999999928
10.255799999999999 345.9285999999999
9.8451999999999789 345.46250000000032
8.5093999999999941 349.02360000000039
3.9683999999999995 343.60920000000016
10.46799999999998 350.84040000000033
11.698399999999999 347.22500000000042
9.2321000000000026 346.97889999999984
10.14749999999999 349.17809999999997
8.2966999999999942 349.84319999999957
9.2528999999999986 342.10489999999965
6.4743999999999895 351.30900000000031
9.7705999999999911 348.46920000000011
-0.20020000000000282 346.73199999999991
2.594600000000002 353.04300000000035
10.276600000000014 347.4430000000005
7.0197000000000038 351.92649999999963
2.4064000000000076 352.30090000000013
10.620499999999986 353.06909999999982
6.9418000000000042 352.26250000000016
6.4172000000000073 357.27810000000022
7.588600000000004 355.24310000000008
4.4956000000000067 358.69200000000035
5.5444999999999993 360.25469999999996
11.403900000000013 361.38330000000002
11.091999999999995 360.39589999999987
6.630699999999992 358.37610000000024
2.5805999999999982 358.39049999999975
7.9656000000000038 354.84190000000012
5.1077999999999948 363.40859999999969
10.037499999999998 352.89469999999977
6.1252999999999922 359.50999999999999
8.0435000000000105 359.40429999999986
8.0060999999999964 358.63960000000009
11.661100000000005 362.36750000000006
8.8482000000000092 361.71479999999985
13.51179999999999 357.63090000000011
4.4814999999999916 364.50920000000008
7.176099999999999 360.77669999999949
4.1962999999999919 354.95120000000026
6.1323000000000132 364.87750000000005
9.9872999999999994 358.81329999999986
3.7414999999999976 363.02349999999956
9.8493999999999993 357.36809999999991
9.2667999999999999 361.61979999999977
6.8301000000000043 364.84359999999975
11.852099999999986 363.82839999999987
7.4983999999999966 361.00310000000036
8.6660999999999984 362.2259999999996
8.3359999999999967 367.61969999999997
4.5094999999999965 367.43540000000024
8.1991999999999958 362.20210000000014
8.5848999999999975 370.47549999999956
1.9613000000000085 371.65099999999978
13.926200000000025 374.70479999999969
6.8559000000000063 372.20070000000021
18.021799999999992 372.92489999999964
5.1788000000000007 371.99099999999936
11.475300000000006 377.42569999999989
8.0067000000000021 369.16979999999973
5.7999000000000089 369.08609999999925
10.469800000000006 378.23809999999986
9.9450999999999912 372.40720000000033
9.9348000000000116 381.13860000000005
13.153300000000002 373.23660000000035
9.3208000000000037 375.14599999999979
5.8854999999999942 381.70569999999998
10.096899999999996 377.46010000000018
4.1948999999999987 373.18559999999985
9.5266999999999946 380.78130000000016
6.7226999999999899 380.87360000000001
8.5219999999999789 382.71690000000029
10.522599999999988 381.26760000000047
5.3743000000000034 383.06449999999967
12.745500000000007 382.91259999999971
16.698899999999995 382.62359999999995
8.8821999999999992 379.86889999999971
7.6894999999999865 388.47510000000023
12.332499999999989 381.68810000000008
6.8437000000000028 375.41399999999942
5.8400000000000016 389.68419999999986
7.233600000000008 383.29999999999995
5.7298000000000062 385.83439999999962
9.3907000000000096 380.85680000000002
11.840399999999999 382.9203
8.3195000000000174 384.78670000000028
4.4062999999999999 389.29190000000006
14.686400000000004 389.50909999999965
13.021600000000001 389.67460000000028
7.3148000000000133 390.88359999999955
10.865900000000003 391.89390000000003
12.646999999999997 384.00849999999969
8.9944000000000006 393.11529999999954
6.2645 395.88840000000005
4.5021000000000075 392.3882000000005
10.994499999999995 393.60220000000038
8.5122999999999962 395.32429999999988
14.186899999999993 390.14909999999986
6.8145000000000051 392.55470000000014
14.161600000000009 396.63580000000024
9.8738000000000081 395.29610000000008
8.7465000000000117 399.78920000000039
7.655099999999984 397.94079999999957
10.148399999999995 393.8550000000003
10.557799999999993 395.60320000000013
7.1981999999999982 399.78710000000018
5.7283000000000062 400.15529999999978
11.377499999999996 399.69800000000004
9.5570000000000039 402.01369999999991
10.646500000000005 394.8428999999997
6.4745999999999952 396.67179999999985
2.5533000000000006 395.39479999999998
1.5264999999999942 400.94750000000079
10.000699999999995 397.69089999999989
6.3486000000000065 400.27199999999982
12.16090000000001 401.21799999999996
9.7635999999999967 408.34279999999995
7.5522999999999971 397.65219999999988
5.0825999999999958 403.6995999999998
1.290899999999999 407.4983000000002
10.065299999999997 402.85489999999999
5.2730000000000068 406.79379999999964
9.815500000000009 404.33170000000024
9.6727000000000025 400.37270000000012
9.9340000000000028 406.2265000000005
7.9185999999999925 404.88260000000031
10.203600000000009 414.24179999999967
14.702499999999985 408.65690000000001
14.309199999999981 408.25279999999998
10.338399999999993 413.71730000000025
9.0837000000000003 410.70519999999942
1.0613000000000037 409.85699999999952
12.166899999999991 410.3005999999998
10.746100000000002 411.03160000000048
3.5831999999999966 412.96210000000008
7.2926999999999902 404.20589999999993
15.270399999999993 412.3203000000002
7.6650999999999962 418.81860000000012
11.969299999999986 415.06379999999996
8.7446000000000073 419.07750000000033
7.954600000000001 410.64660000000043
7.5467000000000057 415.50079999999997
7.6866999999999965 415.56790000000024
8.3080999999999943 418.76150000000007
11.498099999999999 412.53490000000011
9.3150000000000031 417.24989999999946
5.2676000000000007 413.54790000000037
10.214800000000006 420.54329999999976
8.6064999999999898 414.29149999999998
3.8717999999999959 414.66390000000035
5.2416999999999918 419.73140000000052
6.0030999999999963 415.21079999999938
5.9273999999999925 425.25410000000011
10.82890000000001 414.47219999999976
12.169900000000009 418.60080000000028
5.8890000000000056 425.25329999999957
12.360599999999994 420.17880000000031
10.333400000000008 424.31509999999969
12.324400000000001 423.6223999999998
16.075799999999997 423.07959999999912
5.2316000000000011 423.57700000000034
7.7911000000000055 429.39039999999983
12.749700000000006 428.33730000000003
11.311799999999998 426.17340000000007
7.1634999999999955 433.65450000000016
7.2763999999999953 426.6581000000005
10.053500000000003 424.04030000000051
12.598700000000012 427.34829999999971
13.111500000000005 427.01279999999986
12.221299999999992 423.65110000000033
9.8243999999999989 434.61780000000039
12.275899999999996 431.34789999999992
8.5648999999999962 432.69529999999958
7.1850000000000005 427.90549999999979
8.5388999999999964 434.7250999999996
7.7073000000000018 428.88030000000009
0.38549999999999163 433.74180000000018
1.6034999999999946 430.69210000000021
11.674699999999994 437.7197000000001
12.677399999999992 430.40539999999987
10.181400000000002 439.21799999999985
7.7321999999999971 437.05170000000021
9.7004999999999981 432.94280000000015
12.354900000000004 432.61369999999988
4.6492999999999896 437.37769999999955
7.2895000000000074 435.89269999999982
6.9239999999999959 443.0523
8.7481999999999847 436.33950000000021
6.2410999999999976 441.35119999999989
5.9622000000000082 432.08669999999961
4.5287000000000042 440.19299999999953
10.774700000000005 445.61910000000012
11.750299999999987 436.54959999999994
6.9629999999999983 442.29570000000041
2.8772000000000006 445.81080000000009
7.7094000000000094 443.96050000000037
2.5767999999999991 440.03300000000013
8.2474999999999774 439.7607000000001
6.2566999999999977 447.52289999999994
4.3430999999999926 433.4787
10.221200000000001 444.37270000000035
7.2037000000000067 447.60679999999974
9.8799000000000081 440.97670000000022
8.9940000000000175 440.70880000000005
3.4093000000000071 449.30639999999954
10.082899999999992 446.07030000000066
6.1963999999999997 455.44580000000025
7.70359999999999 453.69570000000039
5.2435999999999936 444.3929
4.3844999999999992 444.9676
10.856099999999984 447.75959999999964
2.9790999999999976 447.34070000000042
1.1411999999999995 446.49370000000033
11.8209 447.81889999999981
9.035699999999995 452.91039999999998
5.9688999999999934 453.26050000000004
8.727999999999982 452.5969000000004
11.199800000000007 442.83400000000069
12.298899999999989 448.62559999999996
10.000100000000007 448.40079999999932
5.2420999999999873 448.85140000000035
9.1155000000000026 452.44740000000036
7.6214999999999886 453.60330000000039
13.229699999999998 448.0458000000001
10.169699999999999 450.99200000000025
10.71610000000001 452.64430000000021
6.7845999999999913 455.10929999999996
5.4857999999999913 461.97349999999983
12.556199999999993 455.82770000000056
4.8668000000000013 450.13280000000009
9.1200999999999866 459.30450000000008
8.3815999999999864 454.54329999999993
10.328000000000008 452.82529999999991
7.973000000000007 465.58070000000009
6.6038999999999977 468.16959999999995
3.7323999999999975 458.55770000000047
4.8111999999999933 457.92440000000033
13.051799999999993 457.49400000000003
6.4450000000000083 461.08059999999972
4.038000000000002 458.8434000000002
4.6241999999999956 457.85840000000098
8.4846999999999912 461.35690000000005
3.7047000000000043 460.39759999999984
6.6070999999999893 460.5453000000004
10.746199999999998 461.55489999999975
6.8177000000000012 465.21879999999999
12.80430000000001 463.42010000000039
6.0761999999999921 464.06740000000013
6.987700000000018 463.89979999999952
8.9258999999999951 466.34000000000009
11.718299999999978 466.9929000000003
13.682799999999997 461.41879999999935
4.6128000000000116 467.94390000000027
3.6933999999999898 460.41049999999916
6.3232999999999988 468.3845000000004
4.4895999999999878 473.26560000000001
7.5770000000000017 468.4876999999999
8.1037000000000106 471.1423999999999
6.5500999999999934 464.32209999999975
9.4929999999999826 470.85499999999951
3.9049999999999998 475.62160000000063
4.827399999999991 466.6810999999999
2.6565000000000012 475.13889999999964
10.573199999999975 471.70769999999993
6.8118999999999907 474.42919999999981
4.0535999999999959 470.43139999999994
0.91720000000000823 470.53399999999982
8.7603000000000151 472.89540000000028
2.711999999999998 474.48889999999989
6.1839999999999877 470.08200000000011
7.018499999999996 479.62290000000036
5.9303999999999961 473.08710000000002
1.9508999999999952 472.16589999999991
2.3875000000000046 477.96409999999997
8.3294999999999977 472.2649999999993
7.3146000000000058 473.11679999999933
10.304700000000004 480.11710000000011
10.430599999999995 471.97989999999999
2.9173000000000031 482.56229999999988
1.6241000000000037 484.67000000000019
3.2984999999999904 489.06239999999923
3.4058999999999946 479.31800000000027
4.4635000000000007 476.78489999999994
6.2310000000000052 485.15650000000034
-1.9952999999999945 477.64020000000045
10.762099999999998 481.70890000000077
4.1040000000000143 491.16529999999989
2.5966999999999985 477.38499999999908
7.8945999999999934 480.36219999999992
8.6811999999999951 480.73369999999971
8.9461000000000084 485.53230000000036
5.7766000000000046 481.1681999999995
8.2413999999999934 482.65040000000045
6.4337000000000018 490.64090000000016
4.2385000000000055 492.30450000000002
5.8928999999999929 484.92260000000022
10.140600000000008 487.13089999999903
5.5362000000000009 482.45959999999968
11.485599999999994 483.84470000000061
1.998299999999994 487.82219999999938
5.3744000000000005 486.8205000000001
5.3960999999999997 485.06370000000044
9.1898 494.96560000000056
2.0709999999999922 495.53669999999966
7.8347999999999871 493.28969999999958
5.0625999999999935 488.66100000000017
12.114899999999992 490.85800000000057
3.8506000000000142 490.77329999999989
11.963899999999974 490.13429999999983
16.414000000000016 494.49800000000039
3.5569999999999791 495.48809999999975
7.467400000000012 498.14120000000031
6.2294999999999821 493.90870000000064
1.176599999999995 493.15559999999959
4.4348999999999865 497.28929999999968
14.611199999999993 499.06700000000018
2.2039999999999975 490.3309000000001
4.3025999999999938 497.58709999999923
7.6425999999999883 492.7701000000003
3.2965000000000013 499.00029999999998
1.0256999999999943 503.71010000000001
7.2397999999999971 497.29339999999991
9.0995999999999917 500.89760000000058
8.6342000000000176 502.43700000000064
5.5991999999999988 501.65790000000027
11.074600000000007 503.41009999999937
11.1188 499.9272000000002
5.1044000000000089 504.00340000000079
3.1097999999999923 500.02209999999945
10.254499999999988 509.00069999999971
5.4380999999999986 503.13779999999963
10.266100000000023 501.48739999999992
11.598100000000002 506.68570000000034
4.408000000000003 496.42129999999997
3.6032000000000024 506.37549999999987
7.7831999999999928 502.12040000000053
7.782400000000024 503.50279999999992
1.0689999999999962 499.85429999999968
6.8617999999999961 499.13940000000031
7.6554999999999991 496.40590000000009
7.7561000000000027 497.85360000000031
12.137100000000007 496.2423
8.0341000000000111 490.93480000000039
3.3145999999999973 500.13269999999983
2.1467999999999976 494.5647000000003
11.969200000000004 498.92799999999983
9.2690000000000285 492.72089999999974
8.7880000000000216 490.33579999999972
2.0490999999999948 486.50070000000068
9.0058000000000025 498.18060000000048
7.9866000000000028 489.82270000000011
8.6299000000000099 499.01699999999977
4.4656000000000038 496.94200000000046
0.8917999999999956 495.6040999999999
6.8562000000000038 492.26599999999991
6.0255000000000072 491.06040000000024
8.5302999999999951 486.03240000000022
1.3671000000000053 489.26129999999949
5.9528999999999916 490.36539999999951
4.8579999999999925 481.79739999999993
6.931199999999996 494.77280000000013
8.9589000000000087 483.47539999999958
11.635999999999996 485.96710000000007
7.5846999999999891 483.08259999999979
1.6626999999999978 490.91149999999988
8.1723999999999908 490.70740000000012
4.5935999999999906 487.07269999999971
10.8956 486.98370000000062
3.740000000000006 484.632800000001
11.124900000000007 481.88589999999982
5.7635999999999887 487.58679999999941
3.6048000000000062 482.68560000000036
8.8125999999999998 485.99210000000085
6.4506000000000006 478.34269999999998
3.9777000000000005 483.32390000000038
3.0366000000000057 482.19040000000064
3.0275000000000012 475.95349999999928
4.1368999999999936 483.08870000000047
2.7261000000000033 479.50479999999976
3.2963000000000098 475.75550000000015
5.3366000000000042 472.9200000000003
8.1583999999999826 477.67650000000003
3.7651999999999948 475.32199999999989
0.30970000000000264 477.4425
9.9943999999999829 477.9033
1.2412999999999987 472.12310000000025
1.7124000000000108 476.81779999999992
10.03210000000001 471.06570000000062
4.421600000000006 477.9369999999995
3.4079999999999973 476.14210000000008
8.8388000000000186 471.3058000000002
9.2644999999999946 479.84530000000035
2.4607999999999972 469.35789999999974
0.80619999999999714 474.33439999999905
10.505999999999997 466.90950000000021
2.9748999999999972 479.05369999999988
13.167099999999991 470.8360999999997
5.1205999999999996 466.45139999999986
-0.092700000000002891 472.93659999999932
3.418699999999999 470.12199999999973
4.2695999999999898 472.34299999999973
6.2152000000000029 465.12249999999989
3.8891999999999913 467.58139999999997
10.514299999999977 462.34800000000013
3.3695999999999979 476.86760000000032
7.1010999999999891 461.9987999999999
10.113200000000003 464.35699999999991
16.322300000000009 466.6523000000002
4.9442000000000004 466.21289999999965
7.7786000000000106 470.14529999999974
13.343399999999988 465.57920000000018
8.5337000000000032 461.62059999999923
8.4110000000000031 461.16940000000045
0.65830000000000044 460.07799999999975
12.218599999999997 457.31899999999945
-0.91030000000000055 459.84320000000031
8.7276000000000149 457.76909999999953
12.89769999999999 464.74519999999995
10.421700000000001 461.42140000000035
-0.95630000000000726 459.79350000000051
12.314200000000005 464.02499999999935
0.26180000000000042 458.32170000000042
6.6875999999999962 453.77770000000061
7.5560999999999847 454.8850000000001
5.7441999999999869 455.38069999999976
2.4950000000000014 457.90889999999968
10.761600000000017 448.62070000000006
7.208299999999995 456.67400000000004
2.8301999999999992 460.45010000000087
6.6103999999999994 453.96340000000038
9.5208000000000048 455.81130000000064
10.373099999999999 452.87859999999961
-0.75219999999999732 447.09290000000021
5.0231999999999983 453.8999
2.7528000000000015 453.80470000000008
0.45329999999999876 446.9185999999994
9.1323999999999987 448.32000000000016
2.2959000000000023 449.07839999999942
-1.9932999999999996 442.58980000000025
0.38019999999999793 449.3563000000002
8.3520999999999948 449.96750000000026
1.7997999999999981 445.62199999999967
7.0373999999999883 452.07860000000022
3.9821999999999962 440.51569999999953
11.894900000000005 446.41470000000015
8.6162000000000081 447.89370000000054
7.9647999999999959 443.95580000000058
5.7615000000000069 440.75009999999986
10.590500000000002 439.98570000000024
7.8434000000000115 439.44649999999979
3.5122999999999953 443.59499999999997
-1.8124999999999993 432.41269999999952
-0.0042999999999989297 447.21289999999971
2.3069000000000077 441.12199999999967
5.3660000000000032 444.76859999999994
4.5938999999999934 435.5850999999995
3.511399999999997 440.22959999999983
6.1032999999999937 442.86310000000032
6.1653999999999938 434.19729999999987
3.7540999999999976 439.55820000000011
10.121199999999993 436.43719999999985
3.3148000000000106 441.63929999999971
12.131000000000007 433.17259999999965
8.2816999999999812 436.74620000000101
-1.3911999999999989 441.63420000000053
2.7928000000000011 439.06030000000089
4.3733000000000013 433.4977999999997
1.5912000000000028 443.89299999999963
1.4936999999999987 436.99490000000009
7.3378999999999994 430.61409999999995
9.4093999999999784 427.71770000000032
2.5454999999999974 437.12110000000041
3.6739000000000051 431.01219999999989
8.0357000000000127 433.28440000000006
1.8246000000000058 431.55919999999998
6.1820999999999966 425.26670000000001
1.9616999999999982 421.24530000000061
2.4025999999999987 423.79189999999988
14.080999999999994 430.09190000000012
3.1912000000000043 425.49749999999989
1.6941999999999977 426.37479999999988
9.4095999999999957 429.15850000000012
9.1467999999999829 424.15059999999971
4.370900000000006 423.87939999999963
3.7876999999999987 421.19410000000028
3.3864000000000001 421.58879999999988
4.8515999999999915 424.04729999999967
2.1248000000000005 417.93029999999993
-0.4620000000000038 421.08450000000005
2.8480999999999943 421.5805000000002
11.055000000000016 422.5963000000001
6.7754000000000119 421.67030000000034
5.4738000000000051 422.98859999999928
6.0172999999999908 421.03629999999981
8.1225000000000005 418.84179999999986
4.3258000000000028 419.76300000000009
2.9989000000000012 421.7725999999999
0.5939000000000022 413.63099999999986
5.4772999999999961 421.06560000000047
8.3800000000000114 417.93860000000006
2.8805000000000041 417.55830000000054
-3.6220999999999948 416.06300000000061
8.1597000000000026 415.44659999999982
15.173800000000002 416.90180000000066
4.2061999999999919 419.89149999999978
4.2160000000000073 411.30930000000041
9.1514999999999933 420.94000000000017
6.4610000000000074 411.14539999999954
1.4056999999999948 416.96499999999992
5.5604999999999976 411.72680000000008
5.308500000000004 410.1031999999999
6.9748999999999945 412.41109999999935
3.0944999999999996 406.35120000000006
7.797699999999999 410.94030000000004
1.9765000000000019 410.35199999999969
4.2775000000000007 412.8078999999999
4.5414999999999983 406.14330000000047
5.9854000000000012 412.30089999999984
3.6675999999999997 407.17359999999974
4.9225000000000003 414.32119999999975
5.1550000000000038 407.6339000000001
7.9150999999999883 405.56120000000027
6.4895000000000049 406.26020000000017
7.7113000000000005 397.54229999999984
6.7510999999999992 408.93740000000003
11.0749 406.35110000000014
10.039400000000015 409.97309999999993
10.935900000000004 411.80939999999975
7.1743000000000023 409.25139999999999
7.8155000000000019 405.22470000000015
7.1165999999999938 400.02510000000007
5.2284999999999977 404.95619999999974
3.866800000000008 400.80409999999955
9.6704000000000043 404.90079999999978
5.6729999999999965 401.34399999999977
7.4551999999999872 398.78850000000011
3.4413999999999971 405.52619999999979
1.4176000000000013 403.69759999999974
2.7683999999999891 393.33590000000021
2.9558999999999993 397.52500000000009
4.8553999999999951 401.64059999999967
5.9422999999999968 399.53900000000033
4.7932999999999959 397.44960000000043
-1.5158999999999956 398.50480000000016
5.6362999999999976 392.21980000000019
0.27100000000000235 396.5980000000003
1.039699999999995 393.46309999999994
2.3959000000000006 395.63339999999988
2.5984999999999978 388.2176999999997
9.6848999999999918 396.72599999999983
5.2595999999999918 391.4195999999996
5.0345999999999975 386.13049999999959
3.3349000000000109 391.28829999999965
7.5813000000000068 388.80060000000049
6.760600000000017 388.97540000000021
6.4177000000000044 390.0517000000001
-0.8221000000000005 397.39300000000009
1.3198999999999952 388.03169999999938
6.4462999999999999 389.69879999999978
3.6426999999999969 383.40759999999977
5.5133999999999874 390.67250000000047
10.354299999999997 384.43309999999974
2.8905999999999974 384.09249999999975
0.39399999999999891 393.55890000000039
3.2318999999999947 384.32389999999998
8.3671999999999986 387.82260000000025
4.7424999999999988 389.34529999999984
4.1956999999999951 386.1046000000004
1.3544999999999994 385.80590000000024
3.423699999999998 384.78110000000061
7.7120999999999986 382.06110000000001
1.8029000000000017 384.8236
6.0317999999999987 377.65509999999966
9.2886000000000148 381.92959999999982
6.2942000000000089 379.66380000000015
-0.21280000000000418 382.18230000000034
0.58549999999999536 380.13720000000001
4.7134000000000054 377.18029999999953
8.7973000000000159 382.3531000000001
4.8810999999999991 381.00910000000005
2.9448000000000123 380.24099999999959
6.6327999999999951 378.99359999999962
0.78170000000000139 378.65590000000014
7.5725000000000122 376.97200000000015
6.4961000000000126 375.57029999999986
4.504699999999997 372.93860000000029
0.75249999999999417 376.33790000000005
6.9641999999999999 371.71829999999994
8.9810999999999961 374.01889999999946
-2.9723000000000011 373.0500999999993
-0.29159999999999753 373.54390000000041
5.441199999999994 367.42899999999992
5.8408000000000078 369.66939999999954
2.3729000000000005 373.83119999999957
8.2822000000000067 365.45839999999964
3.8436999999999992 369.11440000000005
4.4756999999999945 370.15600000000006
3.2752999999999961 374.58049999999952
8.9184000000000037 367.92599999999993
4.3434000000000053 370.56139999999999
8.0952999999999946 366.87799999999964
5.1980000000000057 369.24689999999993
2.6837999999999917 364.50919999999991
5.357000000000002 366.93579999999974
2.4063000000000008 367.31870000000009
8.3688999999999876 361.44659999999971
7.7958000000000096 364.01050000000009
10.396199999999974 357.7170999999999
5.3249999999999975 366.5087000000002
5.5555999999999965 361.88079999999991
7.2131999999999854 350.89009999999996
6.4616999999999907 363.04220000000043
1.8064999999999976 361.80350000000004
7.8274999999999908 357.00339999999977
7.2143999999999986 357.50470000000001
1.1478999999999904 358.85680000000008
8.2661999999999942 358.20010000000048
8.9701000000000093 359.22279999999967
10.0121 363.10589999999974
6.0099999999999927 358.20920000000035
10.065099999999992 354.02200000000056
9.8925000000000054 358.25870000000026
10.689500000000002 361.29610000000042
7.4849000000000032 355.06430000000006
10.547699999999978 355.31580000000019
7.5597999999999939 356.52970000000028
7.2918000000000038 358.17150000000021
5.296800000000002 356.24280000000022
7.7115000000000045 359.05350000000027
14.906299999999998 349.23270000000014
8.4538000000000046 351.99879999999968
10.180200000000005 354.49229999999989
7.8422000000000063 349.40559999999999
8.1013000000000108 353.02150000000046
11.514299999999992 348.596
4.0361999999999991 346.82609999999994
12.159399999999991 344.52209999999974
7.3793000000000166 353.78889999999984
2.8118000000000056 349.44940000000031
12.598899999999997 339.60600000000022
7.6504999999999894 348.10880000000014
8.1635999999999989 346.78779999999995
6.9005999999999874 343.70660000000032
11.472300000000013 343.57530000000037
10.653500000000006 343.5502999999996
10.767799999999975 343.19520000000006
-0.9140000000000057 341.34890000000013
7.2639999999999976 341.45570000000009
5.4408999999999947 343.85519999999968
11.324400000000006 345.18949999999984
7.0429000000000039 340.29809999999986
8.9004000000000154 340.40709999999967
3.6851999999999987 342.47720000000004
10.230200000000011 341.22570000000024
7.809700000000011 340.74570000000023
12.917100000000026 338.32889999999986
7.8374999999999986 335.90669999999972
13.132999999999997 337.28789999999952
8.5832999999999853 337.54849999999982
7.3589999999999929 331.63320000000004
5.3551999999999973 335.30950000000024
10.001200000000019 338.4575999999999
10.659099999999995 340.5971999999997
8.638100000000005 338.02990000000028
9.0687000000000086 338.84570000000042
9.6403999999999996 336.68380000000013
7.0956000000000046 336.96850000000046
9.9563000000000148 335.72469999999993
2.9202999999999939 341.3983999999997
8.8692999999999991 333.61959999999999
9.5806000000000111 332.44920000000002
6.2174000000000058 335.62389999999982
4.803899999999997 332.60329999999965
9.9841999999999942 337.39129999999966
4.1367000000000012 330.51239999999984
4.7058000000000009 330.28369999999978
6.7499999999999973 327.3259000000001
9.9700000000000006 329.61610000000002
9.2848999999999791 327.82770000000028
-2.2289999999999992 323.49010000000055
6.6759999999999939 328.75870000000026
2.9437999999999942 329.45980000000026
2.7178000000000009 328.41680000000025
6.257700000000014 323.66759999999999
0.08370000000000441 327.74719999999985
2.8703000000000047 320.49440000000004
0.45689999999999525 325.14180000000033
9.8970999999999911 322.48339999999985
4.670200000000003 326.01639999999992
6.6402000000000028 325.57690000000008
7.2522000000000029 322.25689999999969
7.0116999999999905 324.35600000000062
5.3740999999999897 324.25509999999997
9.8741000000000092 321.77729999999985
1.3360999999999874 318.83009999999962
7.6083999999999907 320.64290000000017
14.853500000000013 322.81699999999961
2.8411000000000102 324.58550000000014
3.8617000000000026 316.65210000000019
8.3626999999999985 322.86920000000043
7.8764999999999974 316.27529999999979
5.238299999999998 316.26170000000025
4.8405999999999869 318.59380000000021
6.3650999999999911 318.31759999999974
3.2933999999999997 318.13509999999991
5.4842999999999895 314.11319999999984
3.568899999999994 316.85069999999985
5.1545000000000014 320.80589999999984
4.4964000000000111 312.17139999999995
6.5696000000000083 308.58150000000046
8.0165999999999897 310.55510000000004
6.5059000000000147 308.93710000000027
2.293000000000005 313.0126000000003
6.4250000000000025 313.30490000000043
3.8898999999999937 305.45890000000026
4.8189000000000135 307.67890000000017
1.1448999999999989 301.83019999999988
4.0002999999999949 305.47349999999994
8.0630999999999862 308.31680000000023
1.9471000000000127 309.4473000000001
-3.5920000000000023 306.37449999999961
3.9611999999999994 307.61340000000007
-0.27680000000000288 307.40910000000002
3.0035000000000025 306.49649999999991
3.4704999999999981 302.56340000000006
4.1658999999999944 302.54829999999998
0.60149999999999815 304.33249999999987
6.4369999999999994 306.06919999999991
4.9131999999999909 303.83070000000004
7.0038000000000151 302.67540000000002
2.8151999999999986 304.00839999999999
6.5409999999999924 305.21739999999994
2.1844999999999954 299.42770000000007
1.9655000000000022 305.73620000000005
4.4832000000000001 302.98670000000004
0.17549999999999916 302.10709999999995
2.8048000000000037 296.25319999999982
4.3076000000000043 305.20619999999991
0.89249999999999874 297.01400000000001
6.5828000000000237 300.42049999999978
7.7757000000000058 299.01139999999992
4.8896999999999995 296.31240000000003
6.045299999999985 297.01530000000025
-1.3725999999999994 294.04309999999987
0.91010000000000024 300.62779999999987
-0.16560000000000527 296.29399999999998
0.0063000000000014763 298.53670000000005
0.23419999999999946 295.42229999999961
6.713700000000002 298.54939999999976
4.3006999999999964 300.37489999999991
3.5600000000000032 291.8678000000001
7.8563999999999892 292.31049999999993
-1.474499999999997 295.88079999999968
2.6538999999999997 292.70040000000023
5.7020999999999971 288.58560000000011
3.8387999999999978 291.68729999999971
3.955700000000002 291.69359999999989
2.2658000000000076 292.17470000000014
4.0914999999999981 291.36450000000008
3.3034999999999966 293.84170000000012
0.61389999999999911 289.1867000000002
1.6914999999999933 285.14740000000035
10.000599999999984 287.64780000000007
3.9333 286.69950000000006
4.3455000000000021 287.7426000000001
-1.3898000000000037 292.03379999999999
1.0812000000000022 287.46180000000027
0.21690000000000037 286.62790000000007
-0.75489999999999369 291.27109999999988
1.3532000000000004 281.74380000000019
-1.8763999999999996 285.34670000000006
-0.43199999999999977 283.12320000000005
4.3386999999999896 292.58399999999966
0.62570000000000303 283.6235999999999
6.2497000000000105 282.49460000000016
-0.82869999999999666 280.0977000000002
-3.0191999999999948 284.04179999999991
3.3680999999999961 275.12329999999997
3.2190000000000039 281.9434999999998
-1.0314999999999936 283.75349999999997
6.4007000000000005 276.77349999999961
-0.12330000000000055 277.6686000000002
0.40639999999999693 274.18910000000011
2.8375999999999926 278.42879999999991
4.1724999999999932 270.98909999999989
5.5227000000000013 278.60759999999999
3.1799000000000026 277.05599999999998
2.1049999999999969 276.41699999999997
2.9776000000000002 277.41120000000012
-0.962699999999999 276.61599999999993
6.5108999999999977 270.13179999999994
-1.4504999999999988 273.56599999999969
-1.1788999999999943 278.00300000000021
2.4043000000000032 272.8927999999998
6.6913000000000098 270.82489999999996
1.6010999999999962 275.35440000000011
4.2370000000000054 274.40289999999987
-0.14360000000000242 269.76809999999989
2.724599999999997 275.11810000000008
3.8617999999999979 271.43669999999992
2.1793999999999958 270.43219999999985
2.6904999999999997 268.80189999999999
4.3316000000000043 274.46770000000015
4.661399999999996 271.35959999999983
4.1655000000000015 271.51370000000003
-0.88030000000000552 270.34940000000023
4.2754000000000065 267.63569999999993
0.43809999999999921 268.62349999999975
2.1063999999999998 266.26010000000002
2.5318999999999958 267.86580000000015
6.8232000000000017 262.36110000000002
0.26609999999999839 271.03020000000015
0.73239999999999617 267.46349999999995
3.5746999999999907 259.64889999999997
-0.095700000000002505 259.49230000000028
5.2302999999999971 266.67920000000009
5.6461999999999986 262.47870000000012
-0.43309999999999904 255.75830000000019
2.2695000000000012 264.55970000000013
7.8300999999999972 260.59100000000007
-3.8581000000000043 257.66439999999983
3.6996000000000047 258.0271000000003
-4.0593000000000012 259.00549999999998
2.848199999999991 256.52210000000014
5.7827999999999999 255.31540000000001
2.2338000000000022 256.82520000000028
-2.2962999999999991 260.33980000000014
4.078999999999998 257.78729999999985
1.0026000000000055 257.3766
0.82280000000000353 252.54050000000004
-0.68669999999999631 256.43849999999998
1.5822000000000056 248.93860000000018
2.6830999999999983 248.99399999999991
1.5641999999999974 252.87410000000014
-3.6320000000000019 250.23159999999999
3.0252999999999943 251.39759999999993
1.6921000000000015 253.26690000000025
3.2262000000000017 248.42939999999996
-4.7410000000000005 248.9456000000001
1.916900000000006 248.84459999999996
-2.9255 248.43520000000009
-4.7704000000000004 249.22249999999991
-3.2129999999999979 244.54199999999992
-1.2495999999999945 245.65399999999985
0.61529999999999796 247.73170000000005
-4.6161999999999974 244.88799999999975
-1.0444000000000004 245.94570000000004
-3.5725000000000038 244.68240000000003
-2.8027000000000024 238.29299999999989
-2.9488000000000012 245.18279999999993
-2.6038000000000028 248.01769999999985
1.0865999999999989 238.17350000000008
-2.560900000000002 240.26899999999992
-4.3922000000000034 241.2692000000001
-4.2680000000000007 241.30720000000008
-3.2594000000000003 237.06939999999989
-0.86719999999999964 237.65780000000024
-1.2509000000000041 245.6731000000002
-3.1221999999999963 238.04140000000004
2.6298999999999939 238.32510000000008
-4.2861999999999991 238.37549999999996
-6.8837000000000028 234.4747999999999
3.5292999999999974 239.71900000000014
-0.045899999999997804 240.04500000000004
-3.6123000000000021 234.76550000000006
2.1410999999999984 233.82819999999984
1.6336000000000004 231.4341
-3.6771000000000011 236.86250000000001
-0.24690000000000623 237.49889999999994
2.6001000000000007 236.72670000000016
-3.4864000000000024 238.11899999999997
-2.6600999999999981 229.06200000000035
1.5795000000000012 229.62329999999997
1.8717000000000001 235.48180000000002
-0.7323999999999995 228.98510000000002
1.223199999999999 229.40290000000019
-4.5373000000000037 228.39769999999987
-7.7224999999999948 228.41110000000026
-1.0695999999999983 227.53000000000003
-1.4870000000000001 225.53580000000022
-0.10350000000000092 226.58950000000004
1.6405000000000061 227.3071000000001
-0.76299999999999546 222.52019999999999
-7.8932000000000055 227.23009999999991
-6.9806000000000035 220.51010000000014
-0.15370000000000328 224.13899999999984
-0.90249999999999742 222.74629999999988
-3.2413999999999974 220.06159999999991
1.4949999999999941 224.14729999999997
-0.75460000000000327 226.75399999999993
-0.24510000000000057 222.66160000000005
-2.6125999999999987 224.35010000000025
-2.7269000000000032 217.86919999999992
0.84309999999999408 218.81420000000003
-5.3783000000000074 219.91449999999992
1.8999000000000008 221.21589999999992
-1.1253999999999971 222.27380000000011
-3.1956000000000051 219.43580000000003
-6.3819000000000017 217.52569999999986
-8.6198999999999906 220.40839999999994
-3.7858999999999994 218.08620000000005
-5.5482000000000067 218.69719999999998
-5.8043999999999949 218.62780000000015
-3.2617999999999987 225.2441
-7.621699999999997 216.59879999999993
-8.4906000000000041 213.19860000000006
-7.4677000000000007 214.66579999999996
-7.6109000000000009 213.57440000000022
-6.0965000000000087 221.73040000000009
-2.7777000000000007 216.26019999999997
-2.5276000000000014 212.82010000000005
-8.1059999999999981 211.9246999999998
-7.6376999999999962 214.73089999999993
-5.6335000000000077 211.01399999999998
-0.96550000000000302 208.61599999999996
-3.9601999999999999 211.65019999999987
-4.5611000000000015 213.47410000000008
-9.5748000000000069 208.33499999999995
-1.8115999999999992 204.45690000000016
-2.707700000000004 208.89330000000007
-4.944300000000001 212.05130000000017
-4.8722000000000021 209.47679999999986
-2.6869999999999976 211.82739999999995
-1.6325999999999976 205.43519999999967
-3.6092000000000022 206.40179999999975
-3.2904999999999962 208.42780000000008
-4.1052999999999953 208.80750000000003
-4.4115999999999982 206.45379999999989
-3.6076000000000024 207.76320000000013
-6.1687999999999956 210.46929999999989
-2.4929000000000014 203.73760000000007
-1.0009000000000026 202.86930000000001
2.5903000000000045 201.65270000000018
-4.5348999999999995 205.39480000000003
-3.8854999999999973 199.24139999999991
-2.6567000000000021 202.31920000000011
-4.1087000000000042 200.54500000000024
-0.77569999999999795 194.99400000000011
-3.4904000000000037 202.5976000000002
-4.7749000000000015 198.88119999999978
-2.3477000000000006 198.12779999999984
-2.1350000000000007 194.67670000000001
-4.1912000000000038 201.12449999999987
-2.9967000000000024 198.03139999999985
-2.4739999999999971 197.24470000000008
-5.370099999999999 192.42920000000021
-8.7003000000000021 197.70170000000016
-5.6423000000000005 195.15040000000005
-5.2308000000000012 193.99460000000002
-5.2351999999999972 193.91270000000011
-3.0996999999999995 193.2786000000003
-4.8807 192.46369999999999
-7.9645000000000055 194.7555000000001
-8.5803000000000029 190.83730000000003
-0.73290000000000277 192.50069999999994
-6.4967999999999977 196.2687999999998
-3.3341000000000007 188.54370000000009
-2.8969999999999985 189.82899999999989
-7.0134999999999987 193.22539999999998
-8.9899999999999949 193.37329999999994
-1.6468000000000003 186.72510000000003
-5.7328999999999954 187.44429999999991
-5.1378000000000039 190.48910000000006
-6.7070999999999996 189.32809999999981
-5.3492999999999977 184.7033999999999
-2.0913000000000022 189.16989999999996
-4.3085999999999958 188.21310000000005
-5.9300999999999995 185.67239999999993
-3.3502000000000018 187.05049999999994
-2.7032000000000052 186.92190000000008
-7.2479999999999984 181.60979999999998
1.738699999999999 182.0986
-3.6764000000000037 185.31049999999996
-6.5341000000000005 187.00549999999987
-12.880899999999997 189.98320000000004
-3.5678000000000014 181.82830000000018
-5.0695999999999977 182.82340000000016
-1.3159999999999985 182.53099999999998
-5.4824999999999999 179.72469999999996
-6.9703999999999997 182.48030000000003
-3.7582999999999993 178.66740000000007
-4.5800999999999963 185.00390000000016
-7.6729999999999992 181.50820000000007
-9.2999000000000045 174.37629999999993
0.49930000000000008 175.24189999999996
0.38310000000000288 179.91180000000003
-4.1925000000000008 181.14010000000002
-4.5207000000000006 173.3043000000001
-1.2556999999999983 179.80000000000007
-4.0628000000000002 176.30740000000006
-1.8613999999999966 174.38460000000009
-3.404399999999999 174.6438
-7.3252999999999977 176.26999999999987
-1.180200000000003 175.52530000000004
-2.8920999999999979 177.47679999999997
-0.97300000000000453 171.01989999999989
-4.6417999999999981 172.51580000000018
-10.039400000000001 172.01710000000014
-3.5640999999999963 172.44429999999997
-5.0661000000000014 169.66120000000006
-6.6081999999999983 168.59820000000002
-5.5546000000000051 170.46610000000004
-3.8690999999999987 170.26859999999991
3.2313999999999967 169.54119999999989
-2.2245000000000021 172.08269999999993
-2.5139999999999958 166.32150000000013
-2.2002999999999977 163.50189999999995
0.63560000000000283 167.352
-6.0020000000000016 163.65309999999997
-3.147599999999998 165.56770000000017
-3.1258999999999992 168.48329999999999
-0.28930000000000256 164.72250000000011
-1.9967999999999995 166.32079999999999
-3.0603000000000011 164.91480000000007
1.7743999999999993 167.68199999999993
0.042099999999999332 167.85839999999993
-0.89339999999999509 163.76479999999995
-1.8513000000000008 162.47320000000002
-3.2748999999999975 162.95950000000002
-0.58029999999999848 160.37019999999995
-6.0051999999999994 163.39749999999992
-1.2387999999999992 160.97500000000002
-3.9933000000000027 158.30310000000017
-1.087399999999999 161.2782
0.87330000000000063 163.73880000000023
1.5038000000000025 156.45250000000013
0.021400000000003888 160.13159999999991
-3.9082999999999997 158.37189999999978
0.25599999999999956 164.10650000000001
-1.6477999999999995 159.09709999999984
-0.20070000000000018 156.6763
1.8463999999999963 159.29209999999989
0.58930000000000016 160.18680000000006
3.3178999999999976 157.15469999999996
-2.5975000000000019 154.56649999999991
-0.58660000000000578 151.11630000000005
1.917000000000004 153.9915
-0.89119999999999877 157.59809999999996
-2.1861000000000019 155.75710000000004
0.030200000000003252 155.83040000000011
3.5738000000000021 150.45230000000004
3.1607999999999987 152.85289999999998
3.3689999999999927 148.56949999999998
0.64050000000000196 150.95420000000001
3.0874000000000028 151.48589999999993
0.78780000000000716 148.67269999999996
1.6245000000000007 145.5947000000001
-0.48170000000000229 147.43649999999997
0.90449999999999942 148.96300000000005
-0.86510000000000176 147.63849999999994
-0.25040000000000145 148.35470000000001
-0.52379999999999882 148.91590000000011
-0.78869999999999918 148.06170000000006
1.9275000000000051 144.42199999999997
2.2470000000000008 142.53330000000005
0.50019999999999709 143.55409999999995
1.1104000000000005 144.65810000000002
-0.86570000000000236 144.03630000000004
-2.7322000000000011 144.18949999999995
-1.0405999999999995 146.52679999999995
-1.3238000000000023 146.02809999999997
1.2311999999999992 141.91930000000008
-0.10210000000000059 140.67829999999992
1.7884999999999995 141.77179999999996
1.5635999999999997 142.36280000000005
-1.6423999999999972 141.6694
5.2536999999999994 143.50990000000004
-4.2224999999999966 145.7637
-0.023400000000000643 138.34880000000004
3.5149000000000044 140.16559999999998
-0.25119999999999953 140.35559999999998
-0.97700000000000065 136.4190999999999
0.34170000000000034 138.15259999999998
-1.0922999999999996 137.99489999999994
-2.8261999999999992 136.43710000000004
-3.3903999999999983 135.39339999999993
0.45010000000000278 133.6634
-0.76350000000000051 137.84489999999994
-0.31240000000000046 133.35509999999999
1.1723999999999994 130.49560000000008
-0.080300000000000038 131.72829999999999
-3.0960000000000036 130.03580000000002
2.7628000000000021 129.78960000000001
-1.339699999999999 131.30140000000006
2.9791000000000012 127.04489999999997
1.2499000000000013 131.46990000000005
-1.933099999999998 131.47500000000005
-1.601899999999999 130.12820000000005
1.4281999999999981 129.30380000000002
2.6339000000000006 125.60500000000002
0.73559999999999814 130.26679999999993
-2.0793999999999961 126.74720000000011
-2.1425999999999989 125.63010000000004
1.3350000000000009 123.02500000000002
1.080900000000002 128.83110000000005
2.0260999999999987 126.38050000000003
-0.55180000000000085 124.18089999999999
-1.5196000000000012 124.41089999999996
0.74620000000000042 124.32989999999992
0.053500000000001352 125.51790000000003
-1.769200000000001 123.61729999999997
0.30040000000000044 121.75470000000001
2.2829999999999977 121.75919999999992
0.32010000000000216 124.63919999999999
-0.24969999999999964 119.91139999999999
1.2837999999999998 120.44600000000004
2.7835999999999959 120.02040000000004
-0.019099999999999451 117.90679999999998
-1.8881000000000023 115.99630000000001
0.40470000000000034 115.97670000000004
0.49200000000000232 117.98210000000007
-1.2896000000000014 115.99740000000001
-0.20109999999999945 116.75600000000007
-1.4036999999999993 117.14389999999999
-0.36119999999999985 113.51880000000001
0.71350000000000047 117.03779999999998
-3.5269999999999948 115.33510000000003
-0.054899999999999768 112.99890000000002
1.0250000000000035 108.37159999999999
-0.66019999999999934 113.78409999999994
-1.0395999999999996 111.7679
-1.1768999999999985 112.37670000000006
-0.52640000000000209 109.53859999999995
-2.4572000000000012 110.32090000000007
-0.89659999999999784 110.4134
1.9949999999999977 110.20610000000006
1.9634999999999987 110.51879999999991
-1.3647999999999993 107.2319
2.0722000000000023 107.65820000000002
-0.82889999999999864 110.64839999999994
-3.8568999999999969 108.45940000000003
0.31140000000000156 106.6232
-0.59800000000000098 106.35500000000006
-0.2887999999999995 110.31769999999995
-2.396799999999998 105.32379999999999
-0.12129999999999985 105.07680000000001
0.74029999999999929 102.84409999999997
-0.71430000000000016 108.20630000000003
-0.62649999999999895 102.42749999999995
-1.3168999999999995 99.896199999999951
-0.36100000000000093 103.73670000000001
1.573300000000001 103.61880000000005
1.335900000000001 103.52480000000003
-1.4077000000000002 102.16429999999997
0.40660000000000157 99.002800000000036
2.0253999999999999 99.078700000000026
0.42360000000000186 97.497100000000003
1.0105999999999979 100.79390000000004
1.9289000000000025 100.94989999999999
3.9347999999999979 96.996999999999957
-2.0393000000000003 97.632600000000082
-2.0644999999999984 97.645799999999994
2.1374000000000013 98.64950000000006
3.676400000000001 96.28479999999999
0.47900000000000109 96.301599999999951
2.2999000000000009 96.895999999999958
0.24490000000000017 95.633299999999991
-0.74500000000000122 93.303999999999959
-0.99040000000000117 93.127800000000036
2.8108000000000013 90.913600000000031
-0.77359999999999951 94.387500000000003
1.7379000000000007 92.192900000000023
0.22810000000000114 92.356400000000036
1.9505999999999979 89.833799999999968
0.37400000000000033 92.105500000000021
2.7311000000000036 90.332499999999968
0.94960000000000033 87.262800000000041
0.64650000000000007 88.930499999999995
-1.5395999999999996 87.552899999999909
-0.1546999999999987 87.138699999999943
-1.2927999999999986 87.441600000000008
0.33110000000000084 89.232100000000003
1.3300000000000005 85.129000000000005
0.26269999999999927 84.84719999999993
-3.3598999999999988 84.140500000000031
-1.5779999999999976 86.903700000000015
-0.95640000000000081 83.911300000000026
0.43980000000000041 81.866500000000002
-0.65139999999999976 81.713500000000025
-0.53820000000000001 84.029200000000031
-0.77380000000000249 79.596899999999962
0.21870000000000042 82.726600000000005
1.3593000000000015 82.256799999999942
-0.84640000000000104 80.586700000000008
0.9762999999999995 79.90870000000001
-0.11629999999999877 77.172500000000028
-5.6592999999999991 79.056400000000011
-1.962999999999999 79.788799999999995
0.053499999999998993 77.807900000000018
0.98160000000000125 78.851299999999952
-1.1053999999999977 76.576200000000043
-0.3377999999999986 75.208499999999972
-1.8626999999999989 75.924199999999999
-0.15239999999999931 74.200400000000016
0.40190000000000181 72.617100000000022
-1.8655999999999988 74.516599999999983
-3.1304999999999974 74.161900000000003
-0.75519999999999821 72.358099999999965
-0.48619999999999991 73.132599999999968
-2.3718000000000021 71.898999999999958
0.16540000000000016 72.811599999999984
-0.15569999999999853 70.414799999999985
2.8613999999999988 69.818399999999954
0.77250000000000141 70.65919999999997
-2.0150999999999986 68.574799999999996
0.35499999999999993 70.333799999999997
0.90290000000000004 70.386500000000012
-2.6879999999999993 67.555300000000003
-1.1328999999999998 66.622400000000013
-0.94449999999999967 65.6066
0.84359999999999979 67.483999999999995
2.0931999999999999 67.757500000000007
-0.014599999999999641 65.178000000000011
1.8894000000000009 63.252599999999973
-0.25970000000000049 65.363299999999981
0.68190000000000039 61.672899999999998
0.31819999999999904 64.206900000000005
1.7061000000000015 63.229899999999979
1.2564000000000008 63.521499999999996
1.7443000000000004 62.613599999999984
1.3989999999999991 62.790900000000043
1.6327000000000007 63.425899999999949
1.1669999999999989 60.343399999999988
2.6939000000000002 59.580900000000035
-0.74359999999999959 60.001900000000013
1.0904999999999996 59.894499999999987
-0.50719999999999998 59.343000000000004
0.73320000000000052 57.557300000000019
-0.7849999999999997 57.736699999999992
-0.32730000000000048 56.575299999999999
0.99320000000000075 55.477499999999999
-0.33009999999999967 54.707300000000025
-1.5003000000000006 57.667600000000014
-0.5248999999999987 54.366000000000007
1.0262000000000009 54.865799999999986
-0.3725999999999991 55.500699999999988
-0.13199999999999895 54.687400000000004
2.5215999999999998 55.464999999999975
0.48150000000000104 51.179499999999983
0.08010000000000117 52.416900000000005
0.46810000000000079 54.257099999999987
1.8757000000000013 52.729700000000001
0.91139999999999999 53.75180000000001
0.60650000000000004 53.241299999999981
1.7815999999999992 50.204899999999988
-0.99240000000000039 49.916699999999977
0.2219000000000006 53.237900000000018
0.75420000000000109 51.399199999999986
0.31680000000000141 47.933199999999999
-0.98199999999999932 50.830600000000025
1.0872000000000011 49.948299999999989
-2.1013999999999999 48.608199999999989
-0.15700000000000128 49.103099999999984
-0.9785999999999998 49.709600000000023
0.4774000000000006 47.284800000000004
0.087700000000001666 49.67969999999999
0.32610000000000078 47.735599999999998
-0.10089999999999916 47.102799999999988
-0.58649999999999891 45.610300000000009
0.058800000000000227 47.103000000000002
-1.7031000000000001 47.232800000000005
0.97600000000000076 46.082000000000022
2.0223 44.405600000000014
-0.93619999999999925 46.253100000000011
2.1473000000000004 44.379599999999989
2.9265999999999996 43.409400000000005
0.41740000000000033 42.164700000000011
-0.51519999999999833 42.410100000000014
0.87350000000000061 41.563799999999993
1.2587000000000013 38.265799999999999
-0.39809999999999957 42.30749999999999
1.3319000000000007 42.04219999999998
2.509500000000001 39.715799999999973
2.1612000000000005 39.728699999999989
0.2430000000000011 40.096100000000007
1.0676000000000005 36.816799999999994
4.1165999999999991 38.897499999999987
0.22570000000000104 37.062600000000018
1.7157000000000004 35.755700000000004
0.86129999999999884 34.974200000000003
4.2312000000000012 35.015400000000007
2.938600000000001 37.729299999999995
1.1570000000000003 34.387499999999996
2.3146000000000004 31.686900000000005
2.9421000000000008 35.340799999999994
1.4824999999999995 32.671899999999994
2.8029000000000002 30.926500000000001
1.6934999999999993 33.551400000000001
3.0905000000000005 31.856000000000005
3.7149999999999994 32.183199999999992
1.0242999999999998 31.519499999999997
1.1905000000000003 31.136400000000009
2.2352999999999987 31.139500000000009
2.3499000000000003 29.03090000000001
1.96 29.779
1.4247000000000007 30.236799999999992
2.1487000000000003 28.860299999999999
3.0729000000000002 29.108199999999989
-0.42549999999999966 28.067199999999993
2.8995000000000002 26.4419
1.8759999999999997 26.920600000000004
1.0318000000000003 25.100099999999998
1.23 25.911699999999993
1.0728999999999997 25.452900000000003
1.0076000000000005 25.6204
0.45769999999999955 23.910300000000003
1.8094999999999999 24.426699999999997
0.82940000000000036 22.529000000000003
2.3054000000000006 21.962199999999996
0.57749999999999979 22.254900000000003
0.95370000000000033 20.724399999999999
1.1044000000000005 21.932800000000004
1.7312000000000001 21.302800000000005
1.2108000000000003 19.348700000000001
2.9695999999999998 19.274200000000004
2.4908999999999999 18.800600000000003
2.6780999999999993 18.057999999999996
2.4888000000000003 18.031100000000002
2.0888 16.748000000000001
1.5159999999999996 18.133400000000002
2.3648999999999996 16.6297
2.9545000000000003 15.830499999999997
2.8345000000000002 16.502499999999994
2.9211999999999998 16.581499999999998
2.7697000000000003 14.572699999999996
2.1055000000000001 14.520100000000001
1.6376000000000004 13.641499999999999
2.4689999999999994 13.570600000000001
1.8444999999999998 12.681099999999999
1.3893000000000002 12.254799999999999
2.5539000000000001 12.7197
3.3334000000000006 12.498299999999999
1.4066000000000001 11.401000000000002
2.6397999999999997 10.156199999999998
1.6791000000000007 9.5206
1.9585999999999997 8.0983999999999998
3.0584999999999996 8.3642000000000003
2.0795000000000003 7.396399999999999
3.1543000000000001 7.1461000000000015
1.7691999999999997 7.3374000000000006
1.2565999999999999 6.7389000000000001
1.0456999999999999 6.5083999999999991
-0.51119999999999988 5.9835000000000003
0.46379999999999988 5.3254999999999999
0.52050000000000007 4.9518999999999993
0.11510000000000015 4.3901999999999992
0.70400000000000018 4.6340000000000003
0.19049999999999995 4.0506000000000002
0.43430000000000002 2.6717999999999997
0.10930000000000012 2.3731
-0.20819999999999994 1.6345000000000001
0.33299999999999996 0.64400000000000002
0.17929999999999999 0.17130000000000001
