15.8488611415506 16.624658463829505
0.13878859551040595 0.3547768450107105
0.1459815868007488 -0.050359400677081056
0.42974051772860639 0.24768303885671147
0.28637000646726107 0.12453789806070327
0.034353981281207494 0.29395660146516173
-0.017878248326808177 -0.058209399788268584
0.54938659425255454 0.035442316753282174
0.053676078385341164 0.22759576602797127
-0.17801770391866181 0.065421985430517721
-0.70537294584502719 0.52091219860911242
0.73230865781420373 -0.21811781180783391
-0.074907171317487323 -0.12529491210665486
0.099250397194563619 0.37747426460718003
0.28766949459139801 0.50008412676237501
0.18969182683576763 -0.25263014838541847
-0.23130471515414155 -0.40215840128945013
0.099323780711780787 0.44912642608978509
-0.093697152248538973 -0.024755852325670308
0.14187732579820117 -0.24040095636626163
0.62964232991177271 0.15234754835888167
-0.45552606050882199 0.24372028131498602
-0.14831864294735761 -0.32475946264728428
0.16500268086264591 -0.2846715979503085
0.33648919834329838 0.17980003846092113
0.14696274040221394 0.062635975013086112
-0.10798954592834363 0.25392552079501352
0.47743519015044705 -0.32776742275884652
-0.16186205322062325 -0.0038017150709768049
0.44524343402352118 -0.48306139922027985
-0.021656043453042697 -0.14914384416382853
0.54009388069030562 -0.3286131173382813
0.46333750421199549 -0.16402718130983612
-0.19143030737870403 0.29837227188241455
-0.041699545696340989 0.2490911894276536
0.39533291002526538 -0.035538349080171172
-0.568274624692368 -0.079244079184868532
0.39702888313738427 -0.7616480968160626
0.48316482845902109 0.18748253948419824
0.1293419258056083 0.037716152599377814
-0.13714542940986518 0.17761454344156338
-0.28322841872995308 -0.11049404308053969
-0.07662570500246077 0.46626547316420686
-0.16991386515186679 -0.29799878176857497
0.26239268717616576 0.36693713615715534
0.65428424805217222 0.027419849678870956
0.14006484423804014 0.64077906950052876
-0.40981078708068219 0.16233230593921943
0.25074792876326818 -0.042071733658287161
-0.69552567118606901 0.02182743747702133
-0.01445079594417422 -0.41868925381237987
-0.13198511918677508 -0.30376366624391071
0.72364630995837387 0.45140417577402503
-0.21433292768427664 -0.14215636295596268
0.16882601588190421 -0.068412607725433588
0.013918895048792186 0.064724683141926267
-0.058113698495299904 0.21532084435576809
0.23207383287949826 0.027128884051838414
0.065521607177644908 0.062020039632111654
0.35988411586867847 -0.4294110631004836
-0.22004162200476707 -0.57069036029817122
0.068910334146808083 -0.63815998508953609
-0.017302397363199482 0.091686875860559902
0.09884148411418929 0.043591008768006062
-0.67080898258868094 -0.10518991356335135
-0.13034392489116031 0.36817339836272522
0.16905766333121536 0.050634502498537182
-0.058724066962529145 -0.47142395307975604
-0.18677425591005026 0.04267398758789287
-0.32039483671149316 0.42141623630400643
-0.54145615528172752 0.16070906860088557
0.16505460567201 0.28664127298822212
-0.25880669387839594 -0.029146200925951743
0.10010398863375558 0.020171949731956143
-0.12334299523820831 0.44281378722864656
0.39107379161691186 -0.3526193012655281
-0.06207046612537212 0.019404635713435758
0.013028886762740166 0.15895111180805721
0.28622099727543682 0.28932712199397148
0.20271680441229528 -0.11390810889240727
-0.28952079806469722 -0.11350540759945228
-0.13984965147172529 0.065602653825150681
-0.0019949333040314987 0.33391573239513317
-0.61121491289172192 -0.0080293907210954377
-0.044886237909197421 0.10464775694399715
-0.39749709163133634 -0.10173013405900094
0.30269937441705674 0.27863225959631654
-0.36262228089821313 -0.17650220018452228
-0.18168284401169377 -0.10607850899376023
0.28512288981590345 -0.0017373052219764457
-0.14758615723426913 -0.0016249649309843101
0.039985079036424023 -0.010350209180012594
-0.20969461092021796 0.22965431591769869
-0.38678331956000728 -0.3613517715674206
0.6825691842796765 0.21770514583963485
0.021763429361032295 0.23761814530117065
0.057531067259048482 0.02279678347362607
-0.017740699723552598 0.25917555132139725
0.039801823170370856 -0.20656344638410254
-0.66970945625817224 -0.18405353601995311
-0.81911257097351498 0.036084167268760139
0.26785444235192668 -0.17488795054076309
0.14352507399564007 -0.090920057660444864
0.23886973681116011 0.22328884454876588
-0.092647806960115708 -0.554498875143555
-0.29114437825110484 -0.094259499233036129
-0.34555797180217307 0.49022752486118826
0.06990319009269888 0.25318813358550513
0.12289582366277668 0.36284488344167026
-0.038247859057819522 -0.47365862126623998
-0.51066713886283122 0.76709842198537093
-0.030205115439809083 0.14215713764571483
-0.047820086833597238 -0.47345553246681688
-0.44607219478662752 0.15266682765067024
0.0920622536140807 -0.1676837381197136
0.11831521642272719 -0.26747423883425531
-0.23717810334809436 0.17128804520176028
-0.091316510662727376 -0.072125188414422545
-0.53988805631059977 -0.68537085202447379
0.20945490854567067 0.3019767662228966
0.034155392950673644 0.17720892582233819
0.0054944774604468033 0.29437894116247393
-0.40059095907078934 0.17826270626306942
-0.16629205223213209 0.30515541317893757
0.48383553323726858 0.33191655631899231
-0.53392245673689875 0.49769441203625586
-0.7186211126700357 -0.17407261135347196
0.27568804358522858 -0.70294886361265307
0.023383724084732826 0.027232449291229865
0.54930456459582544 0.031817511522466257
-0.33723953508188126 0.18913479852894774
-0.032569545616584011 0.5121549687795619
0.38193871944653646 0.26823098192512146
0.70545913791645454 0.56814427027999437
-0.033510410932802666 0.25869865919901108
-0.43715754294540954 -0.18421774765040494
0.023592226106789689 0.29623108911601026
0.0084678442573403734 0.68652059341571436
0.62609897314083263 -0.20188619025603138
0.12963515089020533 -0.22011652884529409
-0.081779473293616581 -0.1787246058945518
0.59045322170819514 0.47264261621202081
0.11215744578205677 -0.15340632231908724
0.21221422317205768 -0.24494436393408364
0.18233356676360396 -0.35394424353893894
-0.45704712854055091 0.14739139786190253
0.29031342764739959 -0.097795601558739481
0.0041114863755929987 0.15997406978106751
0.21784421190764361 0.10798864857491719
-0.17025055418460164 -0.10917348619796488
0.13221287792093603 0.070337975213599399
-0.43110837666023727 -0.20451674069424364
0.11668096760141061 0.20949675016384139
0.1593618867563415 -0.38779091719935066
0.74207834205709799 -0.026530438539061257
0.11329194603015305 0.33577921240047615
0.54546239581863221 0.072734047931436188
-0.31144493635611681 0.19251340163290087
0.00084688194308058656 -0.065488954538781813
-0.2008511114440775 -0.50810099961179511
-0.10706837212813136 0.046652848156380863
0.16884048201538077 -0.12685723003289243
-0.27833965176188091 0.13853280868602907
-0.26468507003345376 0.31264020302967427
0.3486415556675036 -0.50008005196017724
-0.037869947655725655 -0.084629491152923564
-0.38606373695565005 0.34236859991670765
-0.20687224496249207 -0.023880848409289779
-0.060256160474470521 -0.043523683659325019
-0.048158772194702396 0.20977879733803312
-0.12279931248876184 0.042137753648076925
-0.40064795912377038 -0.33724125638571451
-0.0023748732315461152 -0.21189544877147956
-0.7518932629722731 -0.20114924760757422
-0.10583042972295187 -0.11105686193693357
0.088817274916588751 0.18303162424342745
-0.0023299042138370391 -0.093558617883037626
0.43493665741929471 -0.034429377828930005
0.68846968436043277 0.15958362033374934
-0.23979623288081583 0.38341332646311577
-0.29952094539096613 -0.23065108519060915
-0.045412611158014586 -0.11642912002834632
0.14707867231207519 -0.14831420103566717
-0.1743041323006462 0.1359506563994726
-0.034238581684330055 0.13088314684821689
-0.48848160014821002 0.42613237282424882
-0.12702146843443651 0.17217538044743438
0.19570894172605277 -0.0091900154787951105
0.13523194222179108 0.020763821874524406
0.13049653599598343 -0.086168116182950005
-0.045007787305510194 0.31267763452457248
0.08244173822887596 0.18533291879358957
0.29394163172833138 -0.11332968215456388
0.21454894990057544 0.1359680241513857
-0.088252772482793312 0.077444604407474166
-0.30063485673984636 -0.062784413167498193
-0.28405016392894034 0.15916760524513859
-0.48976349555599047 -0.18522484294507263
-0.33992125106113646 0.28751627273519009
-0.13730514688929854 -0.14487070482814141
0.17418493999711535 -0.50297358930070124
-0.40917545508945968 -0.28316460895584539
0.29273662999931638 0.0052098455841743108
0.19637654816016403 -0.076314769401035515
-0.16389164809308054 0.38538361493805917
-0.44674328250699435 0.060057834630119294
-0.024322689846272769 -0.056133202609738975
0.016296477663909736 -0.22435617206887465
-0.053106479712698572 -0.010796238642768741
0.018563719301667295 -0.32090455432494702
-0.010363883478736124 -0.038312916920445028
-0.45745852260826531 -0.4715474376123075
-0.33088341130705751 0.063151940374455762
0.97938832931619124 -0.14013695712336124
-0.11981670370208321 0.068141264512892485
-0.43128784192807307 -0.38675004168728577
-0.098640330092814213 -0.091796442351989957
-0.065459095669508 -0.00093006318500127305
0.39204887895661422 0.16809740070908213
-0.14137830408328003 0.31282130239689976
-0.3157160838492703 0.02040593691181232
0.14701228354697393 -0.57600295021374703
-0.75653282368862373 0.17104302756304579
0.064734922613743806 -0.069002506656449136
-0.35646970371062614 0.26765725075044988
-0.04047073150305891 0.078176031619567377
0.27053098227382405 0.093693684343672951
-0.49296186630203076 -0.097395639155812036
0.01176621774121335 0.60040402122420566
-0.2554940231457864 -0.065398248389832686
-0.39407986323807209 -0.0074598108751271625
0.11600590200853787 0.61877656462307773
-0.14976619248148815 0.11617085140480168
0.21767910733998275 0.017940902600153324
-0.64180805736365765 0.15106531782375204
0.33172651586499402 0.15778860506451164
0.50265871095539794 0.030443484174801964
0.33179283193986153 -0.085293008176284921
-0.37254163242247307 0.051773726207169392
0.39753065382061292 0.060419843256157603
0.12374069401391674 0.3144386637866694
0.2305632271353989 -0.50518065042031046
-0.034172813356791204 -0.32758440513529746
0.46921316891784681 0.19295050522497006
0.27746896005452087 0.14922794719935664
0.18746366791135716 0.25181949027562578
0.51978830740638959 0.20666614247356949
0.026918497846615583 -0.30161806402284574
0.051303200931802156 -0.020156219845508361
0.59952256548001548 -0.24006956260963047
-0.39739556721136393 0.077961833927024229
-0.065191471824528779 -0.21824825496459208
0.019830802643985818 -0.13079126052046108
-0.11367580724422023 -0.24148064832470129
-0.1337568012108257 0.62564641439450519
0.16111850947621065 0.4032596548143611
-0.2149441406486976 0.27617200980534573
-0.12510274132666122 -0.089508327533296253
0.12950481834752964 -0.21120739303999411
0.15602469908068753 0.39350300755314305
0.15243520217079645 0.34036511131187885
0.23556473917395968 0.223307344650363
0.74464871377628272 0.36459682933883847
0.051314239497617473 -0.18153896853113882
0.032100908240888626 -0.033680649558393602
-0.34364998147707387 0.36203512695683698
-0.40533433202149105 0.12748645072049478
0.4361072451252378 0.2870805810254447
0.36807911950124261 0.36533418232892456
0.1722496606463701 -0.39401643124200009
-0.17761461274344734 -0.51697359165253021
-0.11089987391892021 -0.16469307207410461
0.19595443348138919 -0.17440983928718518
-0.35514539288032654 -0.1625434201617251
0.15858407031473301 -0.0081769680838153502
-0.28445800059676973 0.13226524469365586
-0.067465012635733096 -0.2175968778413771
0.55984667200493632 0.14649616115122949
-0.25296705541617032 0.48590749717942067
-0.052144567560996585 -0.34854053373623151
0.36539273842203596 -0.0013589337331343376
0.10809150337973433 -0.43848827929250445
-0.19391146221421696 0.019250673687514985
0.11878963168681342 -0.53621902282141853
0.45025534298357639 0.599025273253871
0.11840677257717136 -0.13817188338307271
0.2385382953882616 0.50950864117469052
-0.098104363604645833 -0.17142311323647014
-0.25196309890172708 -0.24743252441002461
0.62189955051467316 0.31175464616616849
-0.45192175607471485 0.34266155354181499
-0.051329209201783965 0.11829518891789062
-0.37149912136820706 -0.11414749212807676
0.16844780192485687 -0.24045054072328359
-0.27986504806275775 0.2408488252149138
-0.51549711612376692 -0.00086017955975614679
0.16418550972005019 -0.18423938823041019
0.37720026578610133 -0.21674983877507276
-0.54332058792880056 0.66724137855630494
-0.12931352798619905 0.059935078334356406
0.56166454710017943 -0.38679173648007492
-0.43281099809003842 0.070696386972555827
0.62065617643932547 0.4087954412114343
-0.068797221446976906 0.58352450914777232
0.54390921340134168 -0.31411699569711726
-0.25490033140342738 -0.061798829925246615
0.39531232639560654 0.12868559340250091
0.2898883467853049 -0.097201085743446047
-0.07220128060310535 0.18436974074463758
0.37964264722271901 -0.029044818290529614
0.021896888960704311 -0.27178985861658184
0.14821660074458684 -0.15466754046107961
0.44343854741529998 -0.17695533021775192
0.20707416198826889 0.39300075992277017
-0.21571742005107808 0.030709343562269731
-0.044658503603709356 0.28594703749302863
0.29429730595403603 0.43808665814263154
-0.15175129789938363 0.53346340115781499
0.47655658158494263 -0.15658039638677643
-0.28219232439317438 0.20354299611291896
-0.45445785354679891 0.072128069727880356
0.043055108705747691 0.38742067919350431
-0.26397926616800499 0.11220032878692271
0.21805561399212078 -0.31750422687487928
-0.45387207331889223 -0.0027706586131793776
0.046113249066908057 0.21531953314180755
-0.016824749158998384 -0.58983358943249187
-0.047453183012165889 -0.42009972139184759
-0.16654252115749121 -0.21483626332760722
-0.43993895059354271 -0.21362455488071971
-0.19643963908559126 -0.13320743885899408
-0.13678238134948273 -0.032635472021279879
-0.16020367602799987 0.013970621444279629
0.49259942884402569 0.73654079179900134
-0.2773623615453808 -0.098251213043641705
0.079682619144712613 -0.23709254417399539
-0.20599934773399162 -0.084300205917168081
-0.020754548709280576 0.34851294344300526
-0.021261638228739915 -0.39648946841041199
0.03372815359944642 -0.23269557997257839
-0.080950900427117875 -0.33092369405114946
-0.062820799996844534 -0.2848513618333553
0.33075825895323407 -0.047532964429407409
0.42425732165509672 -0.79947186621232136
-0.10613838108273935 0.40099804662208977
-0.037417985371638346 -0.47832815159486891
0.24796232389516687 0.23708257125023074
0.14632583274646355 -0.17255095700045447
0.12034681812105925 -0.59048246725402576
-0.47184862244574532 -0.076978390026969545
0.17950563368888925 0.091225762510003749
0.039948849530396902 -0.30348834647851619
0.31786032790598273 0.22848493019597249
0.38171983814172517 0.19776348210777769
0.040232965581627964 -0.43083930942292215
-0.32401254196894341 0.015083494143664944
0.020270137312865977 -0.10704086570956216
0.32832886606318823 0.047655245745737013
-0.12767219090529219 -0.055448496011846912
0.11714128451588196 -0.18083889465926606
-0.27040474169113726 -0.06018710009566744
-0.48212047348739806 0.57136636411520469
-0.31552578973751677 -0.57528983915339793
-0.0062036178771487311 -0.037162195126862162
0.23314003213841683 0.30062581880710815
0.72969751700152707 0.068448621299781229
0.18435538351409664 0.3427347289123423
-0.18203039984998276 0.080097955937159127
-0.24646594727718826 0.1169353078809091
0.43245464390082211 0.16067388987099424
-0.012711371729285138 0.25050934747284037
0.66661564696711739 0.07341171268182306
-0.33420970462603539 0.1171747389902095
0.29472681173889026 0.21227839952522476
-0.11444492205565943 -0.27383351496459335
-0.13511752413519293 0.44880697479899823
-0.011888210180125827 -0.13589873231632987
0.19366656397572435 0.28535947791303556
0.10812933645981099 0.17323879640567436
-0.40221022498405212 -0.14338964147484629
0.36373963652329089 0.093966267789099084
-0.053438643540621625 0.2734887673429186
0.19410256416196819 -0.28983886183486257
0.10347675678576707 -0.27334676040590161
-0.51954838176106888 0.21529430414559864
-0.01232298802814133 -0.16513215697717559
0.22996927487991692 0.105257864685466
0.33054777561931975 0.36216283390336423
0.31212245267827754 -0.062137152009675872
0.010841330211168149 -0.46413320336521691
0.26017447888979695 0.045030630994400661
0.52072862691389044 -0.40802433419953682
-0.2721383402146772 -0.09987562316878687
-0.21229569271362358 -0.2951416785414897
0.10560597463306662 -0.015371863527521464
-0.041694456893175288 0.010856150353328514
-0.45562664352170823 -0.27936417930804452
-0.37609877819481591 -0.099040745107274467
-0.079590434415623759 0.36448560247328199
-0.13348724846688051 0.039792067474773485
0.35072082694857371 0.14759556054143358
-0.41261014003789043 -0.2870595140616809
0.2693142198868132 -0.42785371436219216
-0.095923457512293989 -0.03777062101256369
-0.13230145863884471 0.3162122306141511
0.5779926718189955 -0.22420414246738163
-0.0045825405238733852 -0.39882890744462907
-0.21331936142800859 0.074204235457927439
0.096715491880257021 0.21258499728699837
-0.5644398681853251 -0.37463278350488405
-0.15849771520380604 0.2989598915394453
-1.1356322402981411 -0.15498359222265146
0.10575171918859864 0.2887679403880688
0.47577262516516966 -0.18431579486319799
0.0047454172996463651 -0.1233953268968791
0.40075804853992558 0.80152242953323505
0.21506783912575878 -0.13575084454962358
0.2344996252539345 0.46732956363984679
-0.57718407924873527 -0.20974371915647361
0.3121935163106711 -0.31516936648636928
0.19624616425472424 0.23070347173505074
0.19120343540717782 -0.0057482037033785016
-0.055463075336370946 -0.11542818079367248
-0.54363907183113769 0.33349555659209823
0.61864396919232578 0.4369992316717195
0.052913732320894288 0.14184356512212482
-0.13902277115791303 -0.43517857068404131
0.50788608655802414 -0.18643978204646969
-0.049062321041549201 0.035402900191175479
0.28316653028084993 -0.14722138454380415
-0.033081806113611258 0.13588476442812941
-0.029726275278761538 -0.08912109164896706
-0.43510823471352533 0.13627926206313987
-0.10668898735226262 -0.16698981365036636
0.43659376388223503 -0.24100876646718272
0.24449578438129033 -0.12011856485260915
-0.14574175034815623 0.11414117106133578
-0.048611644694333413 -0.28053278237239171
-0.22224065069359378 -0.14648748480995125
-0.35207811560990521 0.49727490791041051
0.19068172455115673 0.077992775364294997
-0.10821678949597928 -0.10219575723005286
0.13093444490761752 0.33308853223275253
0.012745540920700543 -0.85681601382660166
0.30227961327476272 0.19779900340580761
-0.0064879893796346289 0.23345234276283341
0.067350558709676531 0.02203405354574671
-0.044818921388245704 0.22493130876804396
-0.10180563789585996 -0.097876959547292877
0.66411489882060026 -0.057577884854484118
-0.28213410458696059 0.15301621816642019
-0.28246449227961079 0.36412767800151119
-0.052869608817585678 0.25043333792424294
-0.088707088319337046 -0.26736837576525507
-0.1188070313893535 -0.064877773831976293
-0.1491784414967367 0.19189874881314659
0.14865534350440793 0.1324718715863418
-0.067298687378758409 0.30956794612593053
0.21294812391000711 0.82421794373296742
0.17278951732970463 -0.13329134145234484
-0.12804147567545093 0.24624431188557588
-0.024184130766390918 -0.19274689818310062
-0.44236901029610642 0.16624908569772795
0.5752333084167881 0.074749555449258501
0.1062472788259988 0.027302867484616272
0.46747834315189907 0.49829567070289138
-0.22105601965204649 -0.81895618325311026
0.31138690664723379 0.061626165630184693
0.081055019886733429 -0.07443151471122858
0.2246868286972929 0.22908659935776132
-0.36097043065999457 -0.042040883203232543
-0.5654190502255817 0.27313251471990463
-0.18906491713454204 0.37056732765207456
0.024495290872472375 0.046227325830334787
0.39722087972432862 0.47484584048799183
-0.13334270603898038 -0.40497425642773122
-0.35630105445714444 0.073743018120215997
0.40395249915113901 0.027099252312051601
0.1047422171895579 0.020817075261626711
-0.1212148653778149 0.1233500934751266
-0.36067493861848077 -0.25796927158645017
-0.42761262374314424 -0.47333139319918682
0.11110122859414209 -0.063203522884109242
0.40985881600941781 0.20456589804398626
-0.074475193761825001 0.039263428782503079
-0.061985321315264158 -0.078631402950776808
-0.62710856631173639 -0.19128382069233985
0.18876070398291747 0.26896413726196888
0.19557557087816829 -0.096538503279721341
0.085069068306792409 -0.48551379994598659
-0.24524938544618574 -0.44794664380322036
0.078177364156992668 -0.17237882648218114
-0.30508208928869307 0.091273276145642845
-0.27130278098357397 0.30870950534277225
-0.26779533728311711 -0.29592181636188575
-0.096934338447780904 -0.03752361853478034
0.43401310420915173 0.32501711742289841
-0.35982140752509822 -0.044480574913254384
-0.42994298594844754 0.10126365417392647
0.45036166986949266 0.26903126133383526
0.020674230230283669 0.16347540645184308
-0.17962911552430372 0.22967397520540447
-0.049236081700420889 0.011068759412877355
-0.11749027316962041 -0.091725926059851762
-0.062763602593442713 -0.0082012242402854998
0.1135391432699308 0.019215744982108499
0.59960352198347766 -0.062164328908522783
-0.079276011060874868 0.3096905146637281
0.1943748593353469 -0.16493955370597208
0.16697838891121194 -0.27910758545024134
0.12894322235830144 0.2287780893138267
-0.32617474760799858 -0.15331166595399875
0.12706686142781987 -0.089397145414565671
0.22119055427161721 -0.018221648927208345
-0.48121293839999257 0.60078718941134324
0.61827996160270393 0.13490745276626501
-0.06955503733180135 0.087231739959619845
0.21447792438266772 0.16552427364304428
0.15030071341221474 -0.21763357168615735
0.14371110642251705 -0.029468483725725678
0.38321696919652265 0.52515342932421682
0.063187799106793785 0.026695544069326144
-0.34288548130439123 0.031412222244950661
0.019663658749834501 0.078459931028761143
-0.069951881603506197 -0.38826355480042696
0.32097610556181355 0.092711902509823252
-0.13822060473545356 0.4692449080587362
0.083237174542629425 -0.11167798744028791
0.14825898724544859 -0.4046448961443333
0.20685504702126628 -0.048960804451789575
0.24798183836729537 -0.070515732468865791
0.099971138072397978 0.30132459489314861
-0.55859789506672175 0.57423236446530146
0.048069597082906756 0.25455722583300483
0.058286268537133673 0.3465082772721042
-0.55767092335223711 0.12284999173913744
-0.0035869759553899538 0.46922891532289762
-0.2542413545768048 0.16753143567219075
-0.25053155757996237 -0.38441015696449254
0.32415662575151422 -0.32429655516858802
-0.090111536006481086 0.088110233179840999
0.28105038135816951 -0.25180131632221775
-0.076716032569418141 -0.77320521607643866
-0.22960244747932221 -0.29543578029875467
-0.20984325976118112 0.23936919680981955
-0.13789281421785432 -0.28412261782501558
-0.34198290107023627 -0.37765421525467224
0.017228447187916274 -0.13422982965628358
0.40146010033339169 0.014640799776492436
-0.26148005759081194 -0.17005050890157319
-0.15177139362253286 0.22221735267740805
0.36182002808644553 0.13917842631294325
-0.13074301527882626 0.54902153220177441
-0.49191291864676523 0.18533803074366628
-0.027877663369568893 0.45565734928279689
-0.033966537847688771 -0.24105952658884641
0.49387561348917058 0.23813279945224514
0.092633463002560756 0.37351276444277309
0.050873025098777808 -0.27290011781541412
0.39445210480354087 -0.454587309698955
0.22703330722271414 -0.082465555846024427
0.048189624178379686 -0.097450325073300731
-0.03243748960298224 -0.0072650802749517351
0.24280035498910529 0.20375483487204724
-0.11257956741331493 -0.085671841570642671
-0.010538311195458713 0.31779470146829164
-0.24275917858222862 0.098664158153787873
-0.029037065714329381 -0.30094487133319781
-0.3227929591990677 0.52149283426858006
-0.075350253086593905 -0.26675646921478413
0.087364933411511969 -0.16497337817163954
-0.25065789177364345 0.13857659029806979
0.42667564766495036 0.35703142846082714
0.50163137977500449 -0.25399194379902867
-0.2286958035408389 0.54977384598722534
-0.090958974859908545 0.22549281723220446
0.45311421900726145 0.10189098804070294
0.32457902839569375 0.087734025228971529
0.37477501398932639 -0.38427707908392994
-0.299659834275399 -0.019426699611061277
0.4915258039500825 -0.50311862701095178
-0.092686775820867137 0.15704195949624838
0.0082563743217051178 -0.38010294278722218
-0.53841572595641207 0.44127534841397636
-0.53290139447467755 -0.39922252617081533
-0.63501311501255264 0.071911005861082886
0.2207322165205638 0.12432647962262072
-0.48101035181986368 -0.16548606751814035
0.26352105531782066 -0.39524818275337592
-0.59995027255780753 0.28009868947334943
-0.086519535901050951 0.22081953569310486
0.19595445055484051 0.46171497959227753
0.0042149750011880871 -0.18435960457943656
-0.25141002425946307 0.41665346439703116
-0.077365076899701068 -0.13002385385916598
-0.27847992902658264 0.066504710587708654
0.026174206080013238 -0.19656787621493793
0.14293621346671564 0.21154335140821301
0.13708515624923079 0.058100930120484701
-0.1599104431315054 0.25039475405631467
0.17148276678994911 0.18673772767793975
0.39327462732122026 0.20735355301394703
0.10284790158934429 0.16820726894413252
0.11581878083974552 0.061928364002224241
0.37171673792662702 0.068189762707415905
0.13927916462080586 0.52622335394122077
-0.20985202375969358 -0.051201410198754682
0.081245601433989983 -0.37410287722100688
0.17223925913565119 -0.00058244022758024462
-0.078368201137603982 0.20921287906498606
-0.062572762057703443 0.20210370351744497
0.16629216977909578 0.43346146325108381
0.21028292802206905 0.20866454010496249
-0.25680258897126174 0.2615395643505406
-0.21791170882142147 -0.29193662405436771
-0.032068726485678906 0.14874831402522362
-0.38246329776621085 0.11834683529164217
0.22995774167946548 -0.21030825199449671
0.32658868079037329 -0.1696899265199048
0.45628088924275623 0.17605958474314071
0.62166575980005767 0.37169687821105141
0.45280194033992616 0.21227719928640726
0.019135670259539689 0.23476250970164081
0.58647479265159541 0.090197048712878231
0.073916931000398811 0.019407788993866137
-0.017948107674960495 -0.0051331865884950978
0.049301125607550303 0.31674002810850427
-0.27461015809588551 0.079148941905504408
-0.14945420863845787 0.19896347747885618
0.29120135817473319 -0.091525254705077344
0.15681596693501534 0.26611490381042868
-0.076991603225880556 0.55102576996488362
0.01907201688995698 0.15774673676878423
-0.22889832609156108 -0.2093639525450264
0.45922042731067936 0.22067873647630984
0.17023040419809252 -0.069137768044434236
0.010141573529500097 0.11554388383615169
-0.051237190765018481 -0.066834852361380398
-0.041344928841031081 -0.29942692055980669
-0.10037529825595651 0.17277243830684752
-0.0067599644796849656 0.28423945886373569
-0.35909876041442446 0.21258329504818846
-0.64023145215629818 0.1458552258131072
-0.36032552081593827 0.17867763388908711
0.3469595028312511 -0.12416190547338575
0.064963751384514434 -0.12395996954975627
0.12129906767269361 -0.42559448698463859
0.39832368718005595 0.16456793191519775
0.0340154042151719 0.16382930056288694
0.39087938308301395 -0.22996575935521232
-0.14857902887761396 -0.49508557615107984
0.24610812074294436 -0.53185525881905804
-0.15201160775429562 -0.1042827851989106
0.066837690700219499 0.019555151058390452
0.59067915232826163 -0.035280112708364314
0.13395932617767992 0.12357076836493418
-0.26592418226448433 -0.055435465373531556
0.092757562080617639 -0.41372405398742812
0.11128893010898651 0.34283168140772102
-0.12774342590421789 0.39312618064322957
-0.32148023903299705 0.0041844294820144734
-0.29602601601541345 0.18691098086157884
-0.13207622037959135 0.14131758361745417
-0.54828589099194369 -0.034371348788159381
0.24169115710465489 -0.022565684909129941
0.18918375523363529 -0.2046990722429769
-0.18538220884042983 -0.29748968005187015
-0.080672626677354226 0.77797389388299987
-0.17527261148203649 0.12550716399245476
-0.16574963952954591 -0.011778247714657158
-0.095675099918208495 -0.03471326886478493
0.18757703358544744 -0.10636991663270207
-0.35938654806079395 0.049225265400708249
0.098158293066973157 -0.021023869127193368
-0.16680248371843542 -0.040683795117030609
-0.09136061514722188 -0.37308228509321778
-0.44023466971518571 -0.087338377445152826
-0.13824357950483737 0.59117778742059057
0.48559277105196291 0.11635699510280834
-0.022576802020727038 0.70531179980258085
-0.039568153948090268 -0.23157048640092293
-0.016863624557258108 -0.24375637522717392
0.25734174658928222 -0.1614916204163207
-0.063834469609320849 -0.23969614125796182
0.30813832132664404 0.41622655685767851
-0.50641859036008319 0.39590524229767077
0.19041614825087533 -0.42241689850880793
-0.042833745656864985 -0.49695817530611741
-0.10004335459592877 -0.33168390977078177
-0.16345842735844812 -0.012387063708162269
-0.21142977079994257 0.04140849157859465
0.058458796450043621 0.73382109480540925
0.42935023274251699 -0.068442585821890084
0.090815943715802483 -0.56656865632484021
-0.28947875143979607 -0.027931871422278778
0.18462896196426407 -0.23598043226962565
-0.2807587115380491 -0.69834076825094071
0.40168781572518392 -0.039618103581606057
-0.018551774482316777 0.32860509719289444
0.21031628085837431 0.75575045343290781
-0.065039497668765475 0.08178214796518668
0.19493073768324942 0.023791959261055685
-0.37080600513412493 -0.50249709143341525
0.26897535204268957 0.2007839308384112
0.14296678108012711 -0.22215766373857201
-0.063185965491853957 -0.27541912051064527
-0.11225478830017677 -0.21797609550424393
0.12841331892594607 0.14829735175611317
-0.28541156387130384 0.15825311394175148
-0.25302589731128261 -0.04098415963032831
0.29587501778667813 -0.29714308274628864
0.11134586759847009 0.094766096062847943
0.50089952403120441 0.14786683900095987
0.067526728887628784 0.05593024431228219
0.10476744213194458 0.28225068368256662
-0.31764221182272356 -0.029313347392622979
-0.044469296613542222 0.57079765604276167
-0.095426080744028807 0.046682722603854643
-0.12065977346975849 0.59491635431010115
0.73836055826189895 0.39416479863807058
-0.06033538184259616 -0.30649352527403584
-0.074420527657719018 -0.3260440352211712
0.11540808902675714 0.55802450512601132
0.2626089528736763 0.13170127362437817
0.092070565594914069 0.085070280429447365
-0.00119397580930658 0.042866843513125724
0.135556656095221 -0.28909725058566194
-0.14095419180531837 0.62086551837306025
-0.065813280905413704 -0.094442712363447104
0.23017323968278405 0.5384789404569934
-0.1504225508095057 -0.23894959601054749
0.023022613725440184 -0.44354878838864231
0.14423318308277355 0.091119099975140713
0.63313670010362455 0.15926599755760207
0.055724456296211422 -0.29429084575116338
-0.45080247171440946 0.10501625045710938
0.069268019089427396 -0.36175236704634983
-0.19126471792633776 0.54000550463949382
-0.25251542679506483 -0.47310964912510889
0.093831850890848445 -0.3798899868060982
-0.22343618280422217 0.55624595863250859
-0.30510349889192578 -0.10652901074054805
0.14085810266284574 0.16743925744250981
-0.10548655635106734 0.19345894959049292
-0.22092419036628685 0.48688315216227551
-0.022604465908020718 -0.21301508997228699
-0.10553618526154829 0.1631535859365108
0.071569940789088599 -0.039222606594108853
0.3256703801531371 -0.046291384798660178
-0.10359313468366263 -0.083116075764261013
0.10872305550852265 0.029335204986214412
-0.36602040262005453 0.12765694330494648
0.1333497498363938 -0.15645359985490356
0.10349203769203534 0.14235913518595034
-0.18501201731460784 0.21392823847828177
0.14244407379269017 0.24092295747481826
-0.40877733326782867 -0.14972793996821573
0.47186896182286431 -0.41781114870357106
-0.35656003173869788 -0.61319640484437754
-0.11869174448766913 -0.15329423751040694
-0.48231079080080186 0.36770991025140848
0.089157662383811842 -0.45417373869273808
-0.66116717936191993 0.17319161410795553
-0.32317592826579683 0.011640570147012086
0.29238904881617911 -0.023002611932188603
0.072631593493811361 0.085661476790372115
-0.11882977141050931 -0.2432845965374423
-0.12654530312042783 0.21195682098366012
0.26854697940668659 0.1118161538967177
0.10591767179371683 0.10080056835969388
0.020571873496827729 -0.31147041306861806
0.32467454385696159 -0.092542949763057963
-0.21230455397473905 0.29705254597287833
0.42569258366722562 0.4501312498763253
0.78666176433641199 0.18813782206348179
0.20102965567730197 -0.14306444960944559
-0.29897930954709345 -0.079555571961309759
-0.13656012857251382 0.29642249866719178
0.055714681406617256 -0.18171754407957594
-0.13351308165882206 0.12134589296309094
-0.20602284182559805 -0.11356678605764731
-0.24983651910403742 -0.24781275294276955
-0.21072221649821635 -0.072192870972851375
0.015048919518228829 -0.38677514877214098
0.44716419136736674 -0.075930335217570699
-0.032582959215733093 -0.075422069545257292
-0.19888075733347818 -0.38046101059866372
-0.2492375892555353 0.28687789426416377
-0.37363649255161613 -0.18634173373699331
0.62337872137111183 0.22128803881595815
0.44057840687571009 0.057710759841623938
-0.37683521834985889 -0.091305540232039017
0.14283315152312331 -0.75170106346746968
-0.17015448156889496 -0.31374817261550314
0.16690967062808626 -0.43422740510528746
-0.17653350484350575 0.71607778083744655
0.31322473565605269 0.20330510332503476
-0.029633799315536891 0.1567295583325751
0.51658531316597456 0.19532723258301321
-0.39046350321588452 0.013719434062050007
0.030083475938198462 0.45171099229303457
-0.12357617423183179 0.60018785721238599
0.26111929718333005 0.31748981848787333
-0.44337735513418586 0.032285146673491139
0.066076642569320637 -0.10359403974328607
0.19625485609197318 0.37467004583277569
-0.5878387095737494 0.15251429531212768
0.22399065563633697 0.36232423912787304
-0.099382681354966682 -0.23717165460453882
0.31117786038130235 -0.11336361756778361
-0.14241008336919053 -0.13434393733333744
0.53469999746551844 -0.65100790962506805
-0.039676869289397287 0.3401357143083259
0.27184180034043581 0.089962529827633045
0.060715547357165445 -0.078535199145060353
0.038182394912496823 -0.65957422344109551
-0.41432766025969658 -0.24038235674356431
0.082823073967644351 -0.0026962536029755124
0.085841637139373345 0.33901970491751954
0.36311500044756867 -0.14178479258820886
-0.040924138185676674 0.37559110374132249
0.30856497480593914 -0.26422057946658462
0.21824388431513475 0.01431851819572405
0.20756285404731936 0.15486796090876748
-0.42918690509304702 -0.19186775173147488
-0.0085720202429110381 0.39165354615741921
0.078335094074346592 -0.7213820857764045
0.037711341282066914 0.17019008877318906
0.30618813922560406 -0.13129019234065625
0.25843563146644144 -0.20142695733619848
-0.1279861282090716 0.24371128543490858
-0.34766478295589892 -0.11954237831475203
-0.27284438285404122 -0.36807476575469689
-0.017363463041925667 -0.077436372121704594
-0.61686281681798971 -0.35731007930368824
0.18514010993132887 -0.099656835241186292
-0.35110602801812918 0.093665235973991567
-0.31228176312917488 -0.15443484054666032
0.2220008294741575 -0.7231204595385351
0.32720602202958093 -0.3881857902732081
-0.45309771265999865 0.026648761132860938
0.3603460471333414 -0.52644341401869243
0.046289735947566232 0.21413228529527464
0.26414701320166273 -0.12868675188743334
-0.0012710207340917712 -0.73131044389504685
-0.36930843965505628 -0.59145409552844364
-0.31402110043507131 -0.029811799996169203
0.38930086594425883 0.12896192503136206
0.1935300035413037 0.014848905850872424
-0.032923075275248806 -0.063372405530439158
0.21196292642816686 -0.05536069099982574
-0.10359845377724175 -0.0029753613715243071
0.15712307542915843 0.41300075835523392
-0.13528829037145063 0.019454285924314529
0.46276561219002343 0.20694103247564394
0.14100535764613503 0.41095723369724613
0.080964406560845165 -0.049188423201009412
-0.16175570733279235 0.14800769364148764
-0.1347202835653396 0.46533005842092673
0.18925303547606581 -0.1085642541280048
-0.31281297813742415 0.14610243036397288
0.29574437302020329 -0.36671552037477134
0.32207547075457366 0.31207915596754437
0.29176562586824639 0.25623986951321265
-0.2378748984168908 -0.19154599334913736
-0.92124890757769717 -0.55597523956752781
0.056763235240965756 -0.029784320433252576
0.29870361758387481 0.1131165208902235
-0.66770731921576809 0.27431701455639657
-0.19221907655968987 -0.32023332792567871
-0.11678556297378866 0.22566206823382268
0.11864506261165597 -0.00032346170071922975
0.35772277613208447 0.018587126657833547
-0.1676732349164263 0.1575051151853622
0.017626366750192857 0.39433620143005355
-0.014705722219448887 -0.0083957996688844641
-0.27805627573681913 0.17186436502135743
0.061098007843456981 -0.057928525661041133
0.095853203538973156 -0.072442801559272296
-0.13207372004298923 0.27028994635839482
0.005588191030817119 -0.29336626036254065
-0.35721483936554499 -0.4300530227977209
0.040557739281439679 -0.072120842547926639
0.10715552740922485 -0.3311808328462304
0.24085937475851449 0.17487936670245294
-0.15522156903631623 -0.16794384399912493
-0.50904183822177251 -0.32193072877724566
0.15514611581279728 -0.050108794273587415
0.12583633596926913 -0.00092747954035819757
0.0014681416379212081 0.0069301299460700072
0.26928577669494841 -0.32680816191630252
-0.060258843904625187 0.021712511570112156
0.46473004002357043 0.23880682144503171
0.27236939350758466 0.32802521318947653
0.31337304517561887 -0.038551931035619658
0.039222323938541796 -0.1955186450393826
-0.41132936217875127 -0.032961035130413582
0.11915993563887559 0.10410864375103507
-0.33592525458752409 -0.62927807328821017
-0.18267123307641325 -0.053728089501718812
-0.23073273950146375 -0.18820814336277555
-0.045908188234627306 -0.16511613700352915
0.05043228361943046 -0.26773301400415761
-0.23745652425129044 0.11519858535488775
-0.20673976490889903 0.48792429009359428
0.23357655248420339 -0.10611955843381903
-0.090903536811228119 -0.047913987950314034
-0.083570399200883952 -0.29576649883791017
-0.10857123156092593 0.26654417492914001
-0.55895705215854918 -0.30497408533052234
-0.25214794394777784 0.0055716869304236194
-0.23321436177140284 -0.65421087998351124
-0.10280558973713501 0.58463010499180523
0.24630540354507025 -0.12395403331758986
-0.088012975659914006 -0.011343532360554465
-0.25842987082185775 -0.26027734372228861
-0.48978912000789099 0.18659521054876288
0.15672320052161137 -0.10791144564369777
-0.23924350173040584 -0.031864517115719276
-0.24717380810117903 0.31958728386156732
-0.0094249824884588274 0.063447153324886443
0.22878877679361606 -0.26708837281718223
-0.26435102623712881 -0.09991643173571059
-0.35950156999612964 0.011028941842322171
-0.17172009547448952 0.012740304407009073
-0.66817033153742145 -0.03958913745708105
0.14604959070211179 -0.20178206736645049
0.19262210430900373 0.73347110344748212
-0.22847064902321923 -0.21868608129965952
-0.18143213000220201 -0.17218489654024557
0.17658627971450147 0.31896533977231833
-0.033774723330120549 -0.22694023446873493
0.056346161776518147 0.0073727077066315927
0.10442386030601253 0.12524358707679842
0.0053141000894134129 -0.049898945838882915
-0.35336691228101152 -0.39364976768756638
0.0019598225646795253 0.045037536780987653
-0.24084622001389228 -0.16703960887188951
-0.19779739985520242 -0.15411680290449306
-0.027606881928621541 -0.46198570222509217
-0.036276462758488615 0.47642090292558686
0.096791516648649628 0.16638816632024858
0.10606549456246997 -0.32759537521774368
-0.36201912244665801 -0.33205143193714315
-0.10616589188974135 -0.04167781259586964
-0.11189843372893862 0.044295652344982409
-0.40212073902947454 0.069625528668885148
-0.12668243946479163 0.074217417298351476
0.044477375148404517 0.13210807685669509
0.10779541978432036 -0.12087309383728656
0.18720552176416427 0.40243735505669254
-0.018791189226929655 0.15098893445186848
-0.24629899155609969 0.19842113306709142
0.028527750587289971 -0.075029883213946075
0.32505866363425517 0.49825215162865405
0.23789662689454308 -0.21509393962566098
0.25260118645641505 -0.13507230569993953
-0.21492349458454232 -0.39589460141141641
-0.22767910016092141 -0.23595803724202186
0.069835379260928421 0.20261890056480453
0.20430376291813057 0.14755794275792317
0.0027393160708886199 0.53946599487247171
-0.35956042344038935 0.26246371340568675
-0.74208609194685138 0.092183676392758318
0.32381414524599156 -0.069960623591041715
0.28924907799759536 -0.4379728835776463
-0.037246847898223419 -0.51542246842543449
0.27405874280817172 -0.082349897303407887
-0.38928736368548444 -0.039881272538646956
0.098281570287438696 0.26095903932395681
-0.4690714989819546 -0.40524572327339914
0.51135941600620727 -0.16728137967179307
-0.42659546557665978 -0.10800280568973686
-0.06366585133329522 -0.14791879185488868
0.11643505235144089 0.26608924104083143
-0.067250667546479126 -0.23872409746513729
0.3571441707576174 0.22740310730249433
0.19865025732724384 -0.29210838403185824
0.10130232846541884 0.32689757359152494
-0.3866013116994883 0.55427604288217713
0.17510838263319289 0.0024003341341970463
0.48008407444572893 -0.32430484176606544
-0.042418838353374094 0.40148123700319138
0.34588227168894248 -0.54762118880627741
-0.11678723565270631 -0.32009634194380243
0.69177898675851901 0.10269005560951766
-0.58880782768013029 0.48957481924930035
0.050968770448281499 -0.32152736314270203
0.1516762902721098 -0.10964199711974298
0.43889365775356476 0.016481717294277994
0.6357209861223837 0.19203422165450043
-0.10698968600439387 0.31752092093658629
-0.080665585095429232 0.1881103300534851
-0.048022596704882708 -0.18043401679969617
-0.21767726647819211 -0.077661849073070999
0.23551480312356482 -0.30557421066410284
-0.096674250774173978 -0.34332572906683789
-0.33372994582681159 -0.10004735097514325
0.38106461526615215 -0.24736138523005591
-0.15458540681863089 -0.40972168746419491
-0.22109284727317885 0.27265338203913841
0.16804539024158466 0.083543575661018499
-0.14423936704491047 0.040330417874836821
-0.028354585605234406 -0.20756606959168258
-0.028311969395904774 -0.34772266043640526
0.43298371794713919 0.11573297158763697
-0.56988322199124852 -0.22695342007507258
0.084953085604298928 -0.16727578660484116
-0.18748630864722293 -0.0092277415563204734
-0.27054326238894238 -0.12269761815948721
-0.53278407992534393 -0.28997895460330753
0.0049515614758530446 0.087869284289486912
-0.27032690995329089 0.26365744781171213
0.17581673702738837 0.4383421432820207
0.13878871431301265 -0.50117440811027625
0.20809919443419495 0.096566125417138785
0.18910113500828302 -0.012457873008736013
0.041861220749545305 -0.15122365168919061
0.65451994507324573 0.028927765180470986
0.44997996395546314 -0.33915363893816963
0.039328467894105018 -0.70957234044513173
0.29030763837587659 -0.075168327998541104
0.28043734512065321 0.046646547302814742
0.078647099245292534 -0.079129826172381845
