0.24169999999999822 1.1454000000008171
0.79520000000001967 1.1460999999989254
0.79870000000002461 2.3781999999988908
1.1209000000000755 2.4411999999989855
1.0645999999999471 2.3850999999989289
0.69550000000001766 3.4909999999989521
1.492399999999956 3.3717999999987436
1.8746000000000449 4.8703999999989218
2.3584999999999328 5.5527999999990216
2.0991000000000497 4.7431999999988914
1.6334000000000148 6.2159999999988971
2.2148000000000048 7.3398999999988614
2.0490999999999087 7.1656999999990232
2.3290000000001148 8.0700999999987832
2.9182000000000716 8.6118999999988439
1.3803999999999848 8.1638999999988489
2.0607999999999471 8.4944999999990607
2.8536000000000663 9.4523999999990416
1.8715000000001041 10.490599999999061
3.0204000000000959 9.2460999999988136
2.4322999999999628 11.256799999999107
1.3293000000000605 10.726799999999066
2.8818000000000534 10.904699999998966
3.2237000000001244 12.554299999998928
2.527899999999935 14.782199999999118
2.8379000000001149 12.563899999998981
2.3957999999999977 14.180699999999117
2.0229000000002446 15.075599999999204
3.3677999999999657 16.157499999999079
2.7871000000001285 16.326999999999089
3.1108000000000327 15.480299999998971
2.1192000000001263 16.303399999999169
3.8532999999999684 16.233099999999087
4.7694000000001093 18.181299999999091
3.294300000000141 18.1379999999989
2.7622000000001194 18.042799999998962
2.547600000000005 19.006599999999136
1.3779000000000128 19.216099999999098
2.7243000000000395 21.36179999999889
2.0676000000000703 18.377699999998974
1.5571999999999853 20.729499999999
2.8816000000001263 21.461499999998985
2.3195000000000396 21.775799999998977
4.1404000000002101 22.157999999999049
2.5222000000000615 22.840799999999096
1.0930000000002129 20.954799999999057
3.1984000000001362 25.269999999998952
2.9134000000001645 23.957499999998973
0.88500000000010848 24.863599999998939
2.9428000000002035 27.914899999999136
2.2409000000002002 27.453899999999077
1.636000000000231 28.294899999999117
2.8133000000000727 29.647499999999148
2.5469000000002455 28.09889999999918
1.9773000000000347 28.895699999999
1.5444000000002578 29.994599999999249
0.69250000000011602 30.643099999999098
2.0900000000001628 31.567199999999165
1.5964000000002532 31.03049999999908
2.4386000000003207 33.998199999999244
2.3805000000001164 33.214299999999191
1.3771000000001805 30.693799999999168
0.63100000000024326 34.576899999999057
1.3102000000003164 33.708399999999124
3.4386000000001098 35.240499999999159
0.35590000000020183 35.798999999999026
1.4043000000000943 34.448699999999022
2.5988000000002947 35.467799999999073
1.4173000000002081 38.122699999998929
1.3091000000002726 35.485499999999043
3.064500000000193 37.181699999998784
1.6126000000002454 35.058399999999075
1.5683000000002192 38.019299999999056
4.0723000000001983 39.255799999999162
1.8299000000002599 38.61879999999892
-0.031799999999709914 38.455099999999085
0.40260000000013124 40.285399999999136
0.65380000000014216 39.629799999999015
0.74110000000015852 41.75449999999892
1.0888000000002962 37.501899999999054
0.3872000000001502 39.891599999999038
2.4820000000003555 41.511599999999071
0.4850000000003184 40.309599999999037
3.9320000000003574 40.868599999999105
0.19950000000017526 41.70859999999918
0.71010000000037454 42.121899999999229
0.39210000000023998 45.601699999999028
2.3999000000002031 45.586499999998999
1.8123000000001717 47.480999999999106
-0.49939999999962836 44.554099999999231
2.9215000000002642 44.958499999999226
1.7555000000003971 46.647199999999195
1.5189000000002366 45.615899999999215
1.9623000000002562 45.736099999999183
0.3632000000003302 48.259899999999
4.3203000000004321 46.74559999999915
1.9387000000002341 50.590999999999113
3.8411000000002984 49.847399999999098
2.014400000000391 51.823199999998934
3.4608000000003392 49.030999999999146
2.3670000000002323 51.265299999999129
1.8688000000002694 54.700699999999159
0.50760000000036198 50.125299999999022
1.0927000000003002 52.55359999999893
4.7406000000002599 53.014899999999038
1.7198000000003377 52.934099999999113
2.9226000000003127 52.830199999999117
1.4968000000003987 55.849599999999079
3.7062000000003317 54.702599999999116
2.672600000000438 55.944599999999063
2.5036000000003527 57.355699999999075
3.089200000000393 55.847099999999138
3.8876000000003135 60.209199999998987
3.4377000000003708 57.419399999999285
1.5329000000003432 60.014499999999224
2.094600000000447 60.412299999999114
3.5146000000002573 60.698399999999175
3.3758000000003578 63.490599999999162
3.3449000000002509 62.272199999999096
4.7605000000002979 58.725199999999141
0.95270000000033028 63.070299999999094
5.2553000000004362 60.176699999999215
3.5331000000004269 64.604299999999171
5.2503000000004514 60.474599999999256
3.2290000000002652 62.775899999999204
3.837500000000408 62.883799999999233
3.9339000000003916 65.152099999999209
3.9850000000004049 66.793399999999252
4.2858000000002656 63.13089999999923
4.7123000000001465 66.562799999998902
2.5697000000000565 63.67329999999891
2.9780000000001583 65.740899999998746
3.0632999999999511 70.000099999998767
4.2554000000001331 66.041099999998821
3.8342000000001217 69.750699999998503
4.2996000000001953 69.190499999998679
4.9120000000000559 70.005499999998747
5.0110000000001724 71.592899999998792
5.7841000000001825 72.266499999998771
5.339400000000178 70.077599999998895
4.8380000000000738 73.006899999998794
2.8777000000001989 74.554699999998761
4.3553000000001836 73.299299999998695
4.3592000000001709 76.104599999998769
4.3206000000001703 74.368299999998797
4.5032000000001391 73.891999999998902
4.3031000000002217 77.145899999998889
4.9914000000002341 75.692899999998957
5.3654000000001059 78.586399999998903
5.9534000000002623 78.527899999998979
4.3763000000001622 78.818799999998731
4.9821000000001936 80.72189999999884
2.5599000000001233 81.78769999999885
3.465100000000219 80.63869999999892
2.3155000000002341 79.457999999999004
3.2813000000002144 81.302699999998907
3.0975000000001516 83.295299999998818
3.1632000000001814 81.880099999998777
2.2779000000001903 86.0532999999987
3.3304000000002727 80.123799999998894
3.0898000000000971 84.125899999998751
2.0625000000001985 84.596899999998897
3.515400000000144 84.726099999998709
1.6134000000001711 84.573799999998855
4.7511000000001422 86.327799999998845
3.8697000000001407 85.298499999998867
0.58400000000009111 86.588599999998678
4.2640000000001743 88.549299999998809
0.13680000000009204 86.224999999998801
3.7376000000000915 87.577899999998849
1.6404000000001422 87.900999999998916
-0.39859999999978124 85.317299999998923
4.9866000000000756 85.595299999998815
3.3300000000000942 86.444099999998883
3.2170000000001227 90.465299999998749
3.6779000000001991 87.17889999999889
2.9712000000001795 90.888899999998685
3.0895000000002648 91.247399999998962
1.4903000000002127 91.657699999998911
1.4740000000002027 92.905099999998924
2.7985000000001596 93.210799999998898
2.1113000000001256 90.193599999998966
3.7886000000000917 92.915899999998942
1.9246000000001786 91.893399999998948
-0.54029999999982425 92.701699999998908
3.0790000000001507 93.054799999998934
2.5270000000000685 94.642399999999029
1.0333000000002071 95.466899999999015
-0.91219999999981471 94.04059999999896
5.0792000000001298 95.937099999999006
1.3713000000001576 97.39679999999889
3.7147000000002195 97.864599999999115
-1.8838999999998072 98.554799999998977
2.8719999999999888 99.084299999999089
-2.2310999999999366 98.423499999998981
-0.33790000000004167 99.458999999999023
-0.25309999999999416 98.906799999998938
-0.26430000000004056 99.268999999998897
3.0906999999999258 96.363499999998808
1.0766000000000402 99.215699999998961
4.0294000000000727 103.03199999999899
1.5705000000000235 103.15739999999892
3.9234000000000155 103.59479999999901
3.8095999999999997 101.71659999999899
3.4479999999999671 102.47399999999901
-0.60050000000003667 101.08149999999908
4.7491999999999814 108.65029999999882
5.4677000000001152 103.24019999999896
3.1360000000000916 103.76639999999901
5.8622000000000423 106.88029999999908
4.4236000000000475 104.47729999999902
3.7057000000000366 105.56649999999908
3.3832000000000524 107.29549999999908
3.4054000000001055 107.46039999999908
2.2887000000000226 109.07119999999897
4.5015000000000915 107.73719999999901
4.7658000000001257 111.33729999999899
6.3565000000000955 107.06729999999914
5.8441000000000081 111.4438999999992
1.959900000000063 112.50899999999912
2.3457000000001123 109.66899999999912
5.0116999999999905 110.5704999999991
2.9250000000000136 114.58469999999896
2.8952000000000915 113.54279999999908
4.6226000000000766 111.53079999999913
2.2044999999999519 116.21669999999909
2.4221000000000408 117.18669999999891
5.2202000000000535 116.01849999999914
2.612200000000017 115.02599999999899
4.8753999999999671 113.12059999999914
4.0928000000000493 118.94809999999885
5.1775000000000455 114.91689999999905
3.8596000000000448 117.09679999999905
4.6580999999999868 117.13419999999898
5.0969000000001063 118.97619999999912
0.2797000000000473 117.7366999999991
2.2243000000001203 119.63769999999901
5.3042000000000407 123.138199999999
4.2043000000001429 120.65349999999887
2.0291000000000867 120.0202999999991
5.1567000000001713 121.93669999999901
3.1246000000001373 119.61999999999902
4.5226000000001081 122.34299999999908
4.8398000000000749 121.64819999999914
6.3958000000000723 126.66139999999909
0.38880000000003634 123.46349999999909
3.907100000000078 125.63489999999895
4.0646000000000697 125.44729999999905
4.4261000000001323 123.35969999999907
5.6683000000000154 123.64089999999899
2.2182000000000683 130.10679999999917
3.5980000000000842 125.26019999999923
3.0405000000001077 125.8020999999992
4.7426999999999913 127.35889999999917
5.8821000000000687 131.42079999999902
7.073300000000148 129.30159999999924
4.3256000000001489 128.82329999999919
6.6318000000006494 131.37719999999959
10.450800000000713 133.7247999999995
3.9832000000007821 128.85729999999964
4.5232000000008128 128.98299999999966
7.5385000000006652 132.79449999999957
1.0368000000007571 132.05489999999949
4.3145000000007618 134.02089999999959
4.4713000000007046 135.16249999999962
4.5477000000007246 134.43929999999955
0.84370000000080092 134.49079999999944
1.0578000000007297 134.53849999999957
4.4735000000007128 137.38939999999945
3.9592000000007253 134.67799999999946
-0.17719999999921637 141.15509999999938
3.1840000000007862 137.21769999999958
3.3628000000008424 140.21439999999953
0.13900000000068793 140.90539999999947
1.1108000000007825 137.61079999999956
2.7481000000007056 143.64509999999964
0.33350000000076535 143.89449999999968
3.3620000000006907 139.55159999999964
3.26860000000072 146.48519999999951
3.787200000000797 141.84289999999956
2.6674000000007037 142.05389999999971
5.5210000000007344 147.31939999999949
3.2182000000007913 143.21659999999966
0.76510000000075917 145.73749999999978
0.17820000000075165 145.34019999999967
3.2566000000006738 144.17009999999948
-0.64019999999917032 145.59049999999959
1.28010000000083 147.09259999999969
0.8762000000008292 147.81619999999964
3.4698000000007738 149.92469999999958
0.28500000000062403 147.40739999999963
-4.015299999999308 149.52549999999971
-0.07269999999935757 147.84759999999972
-4.5251999999994261 146.9146999999997
1.2340000000006224 152.64299999999955
1.1411000000007392 149.15449999999959
1.4876000000005929 149.05739999999972
2.7416000000006764 150.88469999999953
-0.77949999999926833 148.26529999999968
-0.34929999999935746 151.53409999999982
1.7179000000007094 149.88189999999966
-0.66309999999940206 154.31559999999965
-3.3080999999992975 157.73419999999959
-0.80639999999927092 152.2461999999997
0.076900000000670751 157.93809999999962
0.62140000000071982 159.56909999999965
-1.7432999999993857 153.65309999999965
1.2223000000006343 154.86479999999975
2.1530000000007363 159.15009999999967
-2.3739999999993566 155.62809999999979
2.3715000000006659 159.65439999999961
-4.0246999999992639 158.11059999999975
-2.4570999999992926 158.68789999999976
-2.7886999999993631 158.68379999999968
0.97760000000060732 161.88289999999978
-1.7724999999993265 163.46329999999983
0.77610000000072843 161.99089999999978
-0.30639999999935924 159.20959999999968
-0.32829999999935228 163.49549999999959
2.5834000000006867 158.36069999999978
-1.4554999999993106 158.48039999999978
3.2604000000005113 163.09269999999972
0.33240000000051956 163.69379999999964
2.6332000000005009 163.43659999999974
0.29870000000054253 166.90679999999961
1.540400000000484 164.58349999999962
1.1996000000006191 167.59799999999953
-2.3926999999994099 168.03249999999966
-0.56219999999942005 166.24909999999966
-0.35169999999944507 166.24069999999963
0.6106000000006071 165.73659999999967
-0.4386999999995157 168.26619999999974
1.462900000000501 161.77349999999976
-2.7390999999995076 167.25149999999965
3.1996000000005513 165.80159999999958
-3.7266999999993384 166.68189999999973
8.4512000000006768 168.15179999999964
0.24230000000065899 166.7720999999996
3.6425000000006693 169.13279999999958
6.4322000000005835 168.85929999999973
2.8751000000006526 172.20479999999972
-2.2601999999994518 172.24609999999967
1.9160000000005732 173.10949999999968
-0.012999999999371485 172.14589999999964
1.1507000000006555 174.61969999999968
4.1353000000005684 172.53529999999961
2.4885000000006605 173.07659999999979
3.0124000000005529 170.53519999999969
0.4272000000006051 176.52439999999962
1.8326000000006657 173.19629999999967
5.0794000000006001 178.81419999999952
-0.35479999999938006 176.84289999999964
4.9758000000007003 180.38479999999967
4.9933000000005467 180.31859999999966
4.5428000000004749 180.16989999999964
-0.26909999999951506 176.18189999999981
1.5147000000005486 178.81689999999981
5.999300000000436 179.59669999999966
-1.8481999999994996 182.14579999999955
1.7291000000004733 178.17459999999971
6.055700000000523 178.38629999999972
-0.6569999999994911 181.33979999999954
4.0741000000006151 183.76439999999968
0.91010000000043489 182.18169999999978
-1.2363999999994753 184.98309999999975
-0.46789999999948856 182.49039999999951
3.0307000000005333 187.8749999999996
2.7509000000005517 181.98599999999965
4.8952000000005791 185.49889999999968
2.4357000000005926 182.90409999999952
0.49570000000058129 181.84059999999968
3.7380000000004916 182.81389999999979
-4.3136999999994288 189.03429999999969
1.2618000000006047 186.80839999999961
3.4333000000006235 187.7093999999995
1.018200000000465 189.99559999999965
6.6647000000005487 189.37149999999968
2.0408000000005782 183.27299999999954
3.876500000000529 188.53049999999982
3.1035000000004338 192.6926999999998
4.5382000000005096 191.47089999999983
2.4186000000004686 194.02179999999967
4.9323000000004891 194.51509999999968
2.8918000000005559 197.60419999999974
3.8324000000005864 194.87119999999982
3.4326000000000776 194.05439999999959
4.9005000000000303 195.40669999999966
3.53879999999997 193.95449999999971
6.0361999999999671 195.98579999999973
5.4802000000001199 196.53009999999952
6.9203000000000143 198.51649999999947
4.2004000000000472 197.44579999999962
3.0012000000000767 193.39689999999962
8.5722000000000484 203.08479999999957
3.6367999999999929 202.21169999999969
4.1009999999999138 204.3606999999997
3.3506999999999483 203.09179999999967
2.1486999999999954 200.01939999999956
5.805599999999945 198.65129999999957
2.7647999999999864 201.37509999999966
4.4507999999999965 200.60009999999963
1.389900000000049 203.15749999999946
5.7912999999999597 204.7323999999995
8.3535999999999451 203.27519999999967
4.3823999999999792 208.96169999999972
3.0061000000001044 203.67539999999957
7.7222000000000284 204.51359999999954
5.7464000000000413 205.64309999999961
4.4339000000000963 204.34579999999971
2.5440000000000857 205.16849999999954
1.3749000000000053 203.09979999999968
8.2130999999998817 208.95119999999966
5.0901999999999799 207.08349999999973
-0.37949999999994211 205.96089999999958
9.4381999999999806 208.21489999999957
8.9211000000000293 206.95299999999963
5.0188000000000281 205.51519999999962
10.080199999999985 208.36919999999967
5.8855999999998518 205.99279999999962
0.73709999999985476 210.22709999999964
2.6468999999998197 212.89599999999979
5.9668999999998649 210.17829999999972
6.3224999999999234 214.56279999999953
0.62209999999986476 211.21379999999971
5.652199999999822 212.54009999999974
5.5606000000000124 211.71129999999962
6.0168999999998798 212.61919999999967
5.437399999999851 211.09299999999976
7.2406999999997819 212.01309999999981
0.4369999999999386 210.07599999999971
0.39899999999992536 215.57769999999957
7.1176999999999273 215.29709999999974
7.8924999999998091 215.28099999999972
9.1722000000000019 220.01859999999974
6.7005999999999144 213.97949999999969
5.4022999999998031 215.06289999999976
6.6026999999998059 218.46679999999981
3.2409999999998789 215.7439999999998
7.069599999999939 216.42989999999963
5.4182999999998795 215.89689999999976
4.8217999999998558 227.39229999999972
5.0557999999999552 218.52219999999974
9.4935999999998035 219.25529999999972
4.316999999999779 224.68069999999989
9.4462999999998232 219.17219999999969
11.308899999999836 223.7405999999998
10.31089999999992 221.69959999999966
4.8501999999998846 225.8737999999999
8.6865999999999222 224.65419999999983
0.20779999999976578 225.77609999999979
1.0999999999996055 227.15569999999977
4.3887999999995682 225.56869999999984
7.3374999999996291 225.3953999999998
8.9782999999996669 226.23239999999973
8.5287999999997197 228.44569999999973
3.7640999999996807 225.5469999999998
6.7055999999996869 229.41629999999978
6.0766999999997102 224.61839999999978
8.2654999999995944 227.13419999999985
4.3851999999995641 227.46549999999985
6.3230999999995534 230.51879999999991
5.5670999999996971 228.44149999999976
11.188199999999666 232.49059999999966
3.7595999999996979 230.94749999999993
5.2890999999996922 230.84999999999977
11.26229999999981 235.42689999999979
3.825199999999656 232.25669999999974
2.742899999999632 231.60179999999994
3.9415999999996627 235.61719999999974
5.0509999999996644 234.86859999999976
6.2425999999997703 230.2785999999997
11.193099999999653 238.58619999999988
5.395599999999722 231.1780999999998
4.223699999999817 236.40839999999983
3.5573999999996668 239.08239999999992
7.1262999999996222 235.92989999999986
8.9159999999997481 240.57429999999982
1.109299999999654 237.89579999999981
7.6227999999996232 237.98609999999985
5.388899999999599 237.63879999999978
4.8354999999996409 241.12039999999993
5.4974999999995831 233.00579999999991
8.7310999999994579 245.08719999999985
7.9361999999994532 234.94209999999995
7.5217999999993932 237.49849999999984
11.449799999999458 240.32239999999993
12.543199999999539 246.19889999999975
4.7621999999994964 245.89359999999991
8.5843999999996008 243.4499999999999
7.2121999999995996 246.44369999999992
8.0178999999995835 248.24909999999994
7.5668999999993973 243.54549999999989
7.3236999999995023 247.65739999999985
5.1672999999995577 242.74329999999983
5.5499999999995868 252.34109999999978
6.7378999999994926 246.35669999999993
12.031599999999598 244.58009999999987
7.5886999999996281 243.31659999999991
3.8969999999995424 245.79689999999985
4.0937999999994981 251.0333
6.3021999999995568 250.71659999999986
7.4275999999994262 254.52679999999995
9.2501999999996478 251.21579999999997
6.9214999999994342 254.38509999999994
7.7435999999995691 257.4858999999999
6.9142999999995212 252.46019999999993
12.492599999999447 251.49599999999998
6.5330999999994175 248.57130000000004
6.1191999999995517 252.41489999999993
12.115899999999543 256.07559999999995
10.374499999999683 257.16009999999994
15.160999999999579 256.42810000000003
6.7164999999996704 258.34280000000012
12.011700000002412 257.22159999999997
13.314700000002299 256.46519999999998
8.1674000000022016 259.45269999999994
11.477500000002252 255.64870000000008
12.702700000002233 257.5730999999999
11.152600000002293 256.36499999999978
14.28790000000215 262.66189999999989
13.216100000002241 262.61869999999988
12.361100000002146 261.58979999999997
10.618300000002259 260.75459999999987
10.779000000002117 259.19979999999998
11.251700000002199 257.45529999999991
12.320900000002133 264.9801999999998
12.670900000002231 267.16849999999977
13.6812000000022 263.68889999999982
7.6590000000023037 269.71429999999987
9.2274000000022713 267.92249999999973
8.4602000000021551 272.3075999999997
7.9894000000021199 269.68479999999983
11.674500000002103 265.08879999999988
5.8437000000023636 269.77069999999975
9.8885000000022778 272.78639999999979
9.4481000000021496 270.22129999999976
4.1236000000021598 264.64639999999997
17.289800000002192 272.99309999999974
8.2497000000022673 269.22809999999981
4.7321000000020392 275.45239999999978
14.32950000000211 272.48409999999984
8.6909000000022107 272.40249999999969
12.521200000002178 272.91679999999985
11.178000000002102 278.8874999999997
11.618200000002107 274.54069999999984
13.278200000002101 276.00999999999988
14.846400000001937 271.77779999999984
13.964600000001877 276.13549999999987
7.8378000000019332 274.67489999999987
6.1848000000020154 270.25499999999994
12.335300000001929 274.18859999999984
12.036600000001938 280.7733999999997
11.550500000001987 276.07659999999987
12.795000000001973 273.35109999999997
9.9094000000020532 280.87339999999989
10.898300000001814 281.31859999999972
14.492400000001773 281.33899999999977
8.6046000000018399 284.69039999999984
10.885000000001806 283.44129999999979
9.9324000000019517 277.50569999999982
7.9588000000019248 283.02959999999968
14.367900000001969 288.58979999999974
10.353900000001886 284.23809999999963
11.949100000001794 285.21079999999972
13.295400000001894 284.61309999999975
11.071300000001829 287.35059999999976
10.970500000001978 282.35419999999971
9.9520000000018438 288.56679999999972
9.5922000000019274 288.04009999999977
10.729500000001797 288.09109999999976
15.769900000001787 284.40629999999976
15.248400000001777 283.65309999999977
12.936900000001856 283.6291999999998
12.862000000001784 288.94279999999975
15.130800000001777 287.67699999999957
10.925600000001854 285.90469999999982
20.530400000001826 285.82599999999968
11.258100000001713 287.66219999999987
12.775800000001745 290.34499999999969
12.020200000001564 293.76789999999971
15.845500000001588 288.92179999999973
14.375300000001598 299.42689999999959
14.397300000001703 292.33049999999957
11.656700000001585 288.63579999999979
13.978100000001568 297.03929999999974
11.254000000001689 293.21889999999973
10.337600000001743 293.48969999999974
11.249500000001493 291.65839999999974
11.643700000001608 299.08299999999969
11.931000000001596 289.69309999999967
8.5071000000016497 293.62469999999962
17.798800000001592 299.35929999999962
12.955600000001775 297.48089999999968
14.80100000000167 296.32289999999966
15.699700000001581 299.50159999999966
11.807800000001562 298.35159999999968
15.850800000001692 294.60299999999955
7.504100000001646 301.48219999999958
12.852000000001633 298.50149999999962
11.285000000001602 298.57479999999953
9.3131000000016275 304.4895999999996
11.304400000001557 297.52809999999982
13.786300000001587 298.10569999999979
10.063300000001464 300.40579999999966
10.058300000001674 302.1081999999995
13.234700000001554 297.64339999999964
11.668200000001566 302.94359999999955
13.256900000001464 308.94039999999956
10.523600000001572 302.22899999999976
14.225300000001422 303.12939999999975
12.853400000001301 308.24999999999972
12.117900000001317 305.02459999999974
14.792300000001346 312.95589999999959
8.1342000000014156 306.77759999999972
16.240200000001369 307.93909999999948
15.503300000001309 307.13549999999958
17.943700000001449 308.9300999999997
12.856800000001281 308.11159999999984
15.678200000001436 310.86489999999964
14.129100000001186 310.77069999999958
14.708500000001308 311.33719999999971
14.999000000001237 310.72669999999965
16.926400000001451 313.41349999999954
15.073600000001306 309.08539999999965
18.236800000001317 313.6635999999998
22.265900000001245 312.53289999999959
5.5087000000014168 313.40879999999959
12.509600000001232 315.88349999999957
11.957100000001359 313.54739999999947
12.830900000001304 312.44299999999959
11.108000000001432 315.16829999999953
11.270800000001325 310.80779999999959
13.102400000001383 313.19509999999968
11.105500000001323 319.45819999999952
12.079300000001266 312.68139999999983
18.127000000001111 317.42949999999962
11.563000000001363 316.8172999999997
14.533300000001223 318.25359999999966
13.568900000001241 325.61239999999952
8.8102000000012595 322.94299999999959
11.634200000001217 314.8286999999998
10.800400000000749 320.46059999999983
11.788200000000787 321.49339999999978
17.382200000000704 320.38079999999979
11.847300000000768 314.69589999999977
16.604300000000723 320.76679999999976
16.499900000000839 319.76329999999979
14.737600000000784 318.70309999999972
14.340600000000691 321.59999999999985
12.597000000000744 331.02799999999991
10.308400000000811 321.76279999999986
14.553400000000574 328.23339999999973
12.714900000000751 324.68569999999977
9.4394000000007416 330.75109999999984
12.868600000000715 324.20629999999977
16.418700000000587 325.96009999999973
11.690700000000714 328.42959999999982
7.4103000000007873 325.16789999999975
8.2643000000006648 328.0731999999997
16.636900000000534 331.98779999999965
14.955200000000753 327.46419999999983
12.557400000000625 334.17349999999971
8.8559000000007781 325.96449999999982
11.478100000000717 330.92479999999961
17.404700000000666 334.24829999999969
11.006600000000686 331.0222999999998
15.367000000000653 328.09809999999993
10.239200000000627 329.87799999999959
10.714300000000664 328.25639999999964
14.871700000000702 334.92349999999965
13.047100000000707 332.1879999999997
11.086500000000695 332.79229999999967
6.7902000000008105 331.70949999999971
12.169700000000573 337.60819999999978
14.524600000000577 331.87199999999973
10.654000000000504 338.12099999999964
15.359200000000557 337.95329999999979
12.720500000000618 338.6592999999998
12.324100000000646 333.43789999999967
8.3416000000005273 340.97199999999975
7.3024000000005556 337.21219999999988
4.8485000000005947 335.27759999999989
11.042200000000683 340.01139999999975
10.810300000000511 341.11569999999966
11.050400000000632 339.08309999999977
10.670800000000535 340.11789999999968
6.8649000000007003 338.82339999999994
9.1371000000005367 342.01129999999972
10.424500000000567 342.97649999999976
10.136600000000557 346.04729999999972
6.6975000000006224 343.70529999999985
16.880000000000461 349.64049999999969
10.382600000000529 348.09949999999969
13.063000000000567 345.92789999999979
10.71040000000048 348.40799999999984
10.255800000000539 345.92859999999962
9.845200000000494 345.46249999999964
8.5094000000005821 349.02359999999976
3.9684000000005919 343.60919999999987
10.468000000000448 350.8403999999997
11.698400000000587 347.22499999999968
9.2321000000004769 346.97889999999978
10.147500000000555 349.1780999999998
8.2967000000005058 349.84319999999968
9.2529000000005475 342.10489999999982
6.4744000000003989 351.3089999999998
9.7706000000003055 348.46919999999994
-0.20019999999963953 346.73199999999974
2.5946000000003808 353.04299999999984
10.276600000000405 347.44299999999976
7.019700000000344 351.92649999999975
2.4064000000003798 352.30089999999979
10.620500000000284 353.06909999999982
6.9418000000003364 352.26249999999987
6.4172000000003555 357.27809999999982
7.5886000000002802 355.2430999999998
4.4956000000004428 358.69199999999989
5.5445000000003155 360.25469999999967
11.403900000000242 361.38329999999991
11.092000000000363 360.39589999999981
6.6307000000003011 358.37609999999978
2.5806000000003992 358.39049999999975
7.9656000000004719 354.84189999999978
5.1078000000002968 363.40859999999964
10.037500000000442 352.89469999999983
6.1253000000003937 359.50999999999971
8.0435000000004315 359.40429999999981
8.0061000000003641 358.63959999999963
11.661100000000268 362.36749999999984
8.8482000000003644 361.71479999999991
13.511800000000282 357.6309
4.481500000000314 364.50919999999974
7.1761000000002726 360.77669999999983
4.1963000000002042 354.95119999999969
6.1323000000002681 364.87749999999977
9.9873000000002996 358.81329999999957
3.7415000000001948 363.02349999999973
9.8494000000002355 357.36809999999986
9.2668000000000639 361.61979999999988
6.8301000000001313 364.8435999999997
11.852100000000085 363.82839999999987
7.4984000000001432 361.00309999999973
8.6661000000001724 362.22599999999983
8.336000000000201 367.61969999999963
4.5095000000000871 367.43539999999967
8.1992000000001877 362.20209999999986
8.5849000000001503 370.47549999999973
1.9613000000001788 371.65099999999956
13.926200000000078 374.70479999999969
6.8559000000000241 372.20069999999976
18.021800000000084 372.92489999999964
5.1788000000001952 371.9909999999997
11.475300000000075 377.42569999999972
8.0067000000002313 369.16979999999961
5.7999000000000702 369.08609999999976
10.469800000000202 378.23809999999963
9.9451000000001297 372.40719999999965
9.9348000000000418 381.13859999999966
13.153300000000099 373.23659999999978
9.3208000000001103 375.14599999999956
5.8855000000000741 381.70569999999958
10.09690000000017 377.46009999999973
4.1949000000000716 373.18559999999974
9.5267000000001048 380.78129999999959
6.722700000000172 380.87359999999956
8.5220000000001424 382.71689999999961
10.52260000000021 381.26759999999962
5.3743000000002104 383.06449999999955
12.745500000000169 382.91259999999971
16.698900000000663 382.62359999999916
8.8822000000006529 379.86889999999943
7.6895000000007201 388.47509999999932
12.332500000000625 381.68809999999934
6.8437000000007293 375.41399999999925
5.8400000000007433 389.68419999999912
7.2336000000007408 383.29999999999922
5.729800000000612 385.83439999999928
9.3907000000006526 380.85679999999917
11.840400000000582 382.9202999999992
8.3195000000007031 384.7866999999992
4.406300000000658 389.2918999999992
14.686400000000532 389.50909999999908
13.021600000000488 389.6745999999992
7.3148000000007052 390.88359999999915
10.865900000000583 391.89389999999912
12.647000000000766 384.00849999999912
8.9944000000004092 393.11529999999914
6.2645000000006439 395.88839999999919
4.5021000000006577 392.38819999999913
10.994500000000659 393.60219999999907
8.512300000000538 395.32429999999925
14.18690000000066 390.14909999999918
6.814500000000618 392.55469999999895
14.161600000000613 396.63579999999922
9.8738000000006281 395.29609999999917
8.7465000000006032 399.78919999999897
7.6551000000005383 397.94079999999911
10.148400000000544 393.85499999999905
10.557800000000515 395.60319999999905
7.1982000000006927 399.78709999999904
5.7283000000005888 400.1552999999991
11.377500000000563 399.69799999999918
9.5570000000003965 402.01369999999906
10.646500000000543 394.84289999999925
6.4746000000005157 396.67179999999911
2.5533000000005659 395.39479999999918
1.5265000000006004 400.94749999999908
10.000700000000583 397.69089999999903
6.3486000000005669 400.27199999999908
12.160900000000474 401.21799999999928
9.7636000000004852 408.34279999999904
7.5523000000004918 397.6521999999992
5.0826000000003733 403.69959999999901
1.290900000000502 407.49829999999912
10.065300000000367 402.85489999999908
5.2730000000005539 406.79379999999901
9.8155000000004584 404.33169999999899
9.6727000000005461 400.37269999999899
9.9340000000004931 406.22649999999885
7.9186000000005272 404.88259999999912
10.203600000000529 414.24179999999893
14.702500000000422 408.65689999999904
14.309200000000482 408.25279999999896
10.338400000000478 413.71729999999894
9.083700000000503 410.70519999999891
1.0613000000005459 409.85699999999895
12.166900000000371 410.30059999999906
10.74610000000038 411.03159999999895
3.583200000000581 412.96209999999877
7.2927000000004343 404.20589999999913
15.270400000000407 412.32029999999878
7.6651000000005993 418.81859999999881
11.96930000000048 415.06379999999888
8.7446000000003465 419.07749999999908
7.954600000000295 410.64659999999907
7.5467000000002882 415.50079999999906
7.6867000000004184 415.56789999999904
8.3081000000002394 418.76149999999888
11.498100000000294 412.5348999999988
9.3150000000004312 417.249899999999
5.2676000000004199 413.547899999999
10.214800000000297 420.54329999999902
8.6065000000003042 414.2914999999989
3.8718000000002353 414.66389999999893
5.2417000000003675 419.73139999999887
6.0031000000003463 415.21079999999898
5.9274000000003886 425.2540999999988
10.828900000000356 414.47219999999902
12.169900000000268 418.60079999999903
5.8890000000004346 425.25329999999877
12.360600000000215 420.17879999999894
10.333400000000182 424.31509999999889
12.324400000000274 423.62239999999895
16.075800000000147 423.07959999999895
5.2316000000002258 423.57699999999892
7.7911000000003572 429.39039999999875
12.749700000000283 428.33729999999883
11.311800000000183 426.17339999999905
7.163500000000278 433.65449999999896
7.2764000000002147 426.6580999999988
10.053500000000108 424.04029999999887
12.598700000000045 427.34829999999891
13.111500000000207 427.01279999999883
12.221300000000173 423.65109999999896
9.8244000000000558 434.61779999999897
12.275900000000123 431.34789999999896
8.5649000000000211 432.69529999999895
7.1850000000000076 427.90549999999899
8.5388999999999786 434.72509999999897
7.7073000000000746 428.88029999999907
0.38550000000014428 433.74179999999882
1.6035000000001822 430.69209999999896
11.674700000000099 437.71969999999874
12.677400000000086 430.40539999999908
10.181400000000163 439.21799999999894
7.732200000000014 437.05169999999896
9.700499999999888 432.94279999999895
12.354899999999974 432.61369999999891
4.6493000000001876 437.37769999999892
7.2895000000001158 435.89269999999902
6.9240000000000697 443.0522999999987
8.7481999999999758 436.33949999999891
6.241100000000066 441.35119999999876
5.9622000000000623 432.08669999999887
4.5287000000000655 440.19299999999862
10.77470000000007 445.61909999999875
11.750300000000207 436.54959999999892
6.9630000000000543 442.29569999999882
2.8772000000000455 445.81079999999884
7.7094000000000484 443.96049999999889
2.576800000000115 440.03299999999894
8.247499999999949 439.76069999999891
6.2567000000001434 447.52289999999886
4.3431000000001232 433.47869999999909
10.221199999999987 444.37269999999899
7.2037000000001346 447.60679999999883
9.8799000000000152 440.97669999999886
8.9939999999997386 440.70879999999926
3.4092999999997295 449.30639999999914
10.082899999999826 446.07029999999941
6.1963999999998514 455.44579999999922
7.703599999999617 453.69569999999925
5.2435999999998497 444.39289999999932
4.3844999999998731 444.96759999999938
10.856099999999802 447.75959999999952
2.9790999999997019 447.34069999999923
1.1411999999996831 446.49369999999931
11.82089999999968 447.8188999999993
9.0356999999998102 452.9103999999993
5.9688999999998194 453.26049999999924
8.7279999999997138 452.59689999999932
11.199799999999756 442.83399999999932
12.298899999999779 448.62559999999928
10.000099999999911 448.40079999999921
5.242099999999704 448.85139999999927
9.115499999999729 452.44739999999933
7.6214999999998598 453.60329999999919
13.22969999999974 448.0457999999993
10.1696999999998 450.99199999999934
10.716099999999869 452.64429999999919
6.7845999999998163 455.10929999999917
5.485799999999819 461.97349999999915
12.556199999999825 455.82769999999925
4.8667999999997127 450.13279999999912
9.1200999999998125 459.304499999999
8.3815999999997874 454.54329999999919
10.327999999999863 452.82529999999923
7.9729999999997974 465.58069999999924
6.6038999999998769 468.16959999999921
3.7323999999998962 458.55769999999939
4.8111999999996948 457.92439999999925
13.051799999999719 457.49399999999935
6.4449999999998546 461.08059999999927
4.0379999999997995 458.84339999999946
4.6241999999997923 457.85839999999939
8.484699999999787 461.35689999999931
3.7046999999998809 460.39759999999933
6.6070999999998143 460.54529999999943
10.746199999999725 461.55489999999929
6.817699999999733 465.21879999999919
12.80429999999982 463.42009999999925
6.0761999999996963 464.06739999999922
6.987699999999788 463.89979999999935
8.9258999999997943 466.33999999999935
11.718299999999868 466.99289999999922
13.682799999999764 461.41879999999924
4.6127999999996669 467.94389999999919
3.6933999999998393 460.41049999999927
6.3232999999998247 468.38449999999915
4.4895999999998342 473.26559999999921
7.5769999999997841 468.48769999999928
8.103699999999824 471.1423999999991
6.5500999999998655 464.3220999999993
9.4929999999998405 470.85499999999922
3.9049999999997875 475.62159999999915
4.827399999999769 466.68109999999922
2.6564999999998271 475.13889999999907
10.573199999999847 471.70769999999925
6.8118999999997722 474.42919999999901
4.0535999999998431 470.4313999999992
0.91719999999983493 470.53399999999914
8.7602999999997788 472.89539999999931
2.7119999999998008 474.48889999999921
6.1839999999997124 470.08199999999943
7.0184999999997864 479.62289999999933
5.930399999999759 473.08709999999951
1.9508999999997609 472.16589999999934
2.3874999999998594 477.96409999999946
8.3294999999998964 472.26499999999942
7.314599999999694 473.1167999999995
10.304699999999835 480.11709999999937
10.430599999999744 471.97989999999947
2.9172999999999263 482.56229999999931
1.624099999999741 484.66999999999933
3.2984999999997981 489.06239999999934
3.4058999999998472 479.31799999999942
4.4634999999998044 476.78489999999931
6.2309999999998862 485.15649999999914
-1.9953000000000471 477.64019999999925
10.762099999999732 481.70889999999929
4.103999999999953 491.16529999999909
2.5966999999999287 477.38499999999931
7.8945999999999437 480.36219999999918
8.6811999999999223 480.7336999999992
8.946100000000035 485.53229999999922
5.7765999999999176 481.16819999999927
8.2413999999998744 482.65039999999931
6.4336999999998543 490.64089999999914
4.2385000000000925 492.304499999999
5.8928999999998313 484.92259999999925
10.140599999999873 487.13089999999903
5.536199999999952 482.45959999999923
11.485600000000039 483.84469999999931
1.9982999999999047 487.82219999999938
5.3743999999999685 486.82049999999936
5.3960999999998647 485.06369999999941
9.1898000000000657 494.96559999999943
2.0709999999999353 495.53669999999937
7.8347999999999312 493.28969999999936
5.0625999999999163 488.66099999999932
12.114899999999951 490.85799999999921
3.8505999999999481 490.77329999999955
11.963900000000001 490.13429999999931
16.413999999999831 494.49799999999919
3.5570000000001105 495.48809999999924
7.4673999999997394 498.14119999999951
6.2294999999999927 493.90869999999921
1.1765999999999273 493.15559999999925
4.4348999999999839 497.28929999999929
14.611199999999863 499.06699999999921
2.2039999999999225 490.33089999999919
4.3025999999998898 497.58709999999923
7.6426000000000727 492.77009999999933
3.2964999999999209 499.00029999999919
1.0257000000000356 503.71009999999927
7.2397999999999927 497.29339999999928
9.0996000000000397 500.8975999999991
8.6341999999999857 502.43699999999927
5.5992000000000273 501.65789999999919
11.074599999999899 503.41009999999915
11.118800000000078 499.92719999999912
5.1043999999999929 504.00339999999915
3.1098000000000914 500.02209999999928
10.254499999999982 509.00069999999914
5.4381000000001487 503.13779999999912
10.266100000000046 501.487400000001
11.598100000000022 506.68570000000096
4.4079999999999524 496.421300000001
3.6032000000001845 506.37550000000107
7.7832000000000567 502.12040000000087
7.7824000000000755 503.50280000000078
1.0690000000001207 499.8543000000011
6.8618000000001063 499.13940000000099
7.6555000000000826 496.40590000000094
7.7561000000000835 497.85360000000082
12.137099999999966 496.24230000000091
8.0341000000001497 490.93480000000096
3.3146000000001004 500.13270000000097
2.1468000000001597 494.56470000000104
11.96919999999999 498.92800000000102
9.2690000000000534 492.72090000000105
8.7880000000000678 490.33580000000097
2.0490999999999784 486.50070000000096
9.0057999999998675 498.18060000000094
7.9866000000001662 489.82270000000085
8.6298999999999761 499.01700000000091
4.465600000000026 496.94200000000109
0.89180000000005422 495.60410000000076
6.8562000000000465 492.2660000000007
6.025500000000072 491.06040000000098
8.530299999999956 486.03240000000096
1.3670999999998932 489.2613000000008
5.9529000000001204 490.36540000000076
4.8579999999999837 481.79740000000078
6.9311999999999641 494.77280000000087
8.9588999999999803 483.47540000000095
11.635999999999999 485.96710000000081
7.5847000000000211 483.08260000000109
1.6626999999998988 490.9115000000009
8.1723999999999304 490.70740000000086
4.5936000000001425 487.07270000000079
10.895599999999869 486.98370000000091
3.7400000000000628 484.63280000000088
11.124899999999979 481.88590000000102
5.7636000000001415 487.58680000000078
3.6047999999999529 482.68560000000105
8.8125999999998221 485.99210000000085
6.4505999999998602 478.34270000000078
3.9777000000000742 483.32390000000083
3.0365999999998703 482.19040000000092
3.0275000000000607 475.9535000000011
4.1368999999999359 483.08870000000087
2.7261000000000633 479.50480000000073
3.2962999999999161 475.75550000000089
5.3365999999998452 472.92000000000075
8.15839999999986 477.6765000000006
3.7652000000000267 475.32200000000086
0.3096999999998945 477.44250000000085
9.9943999999999988 477.9033000000008
1.2412999999998611 472.12310000000076
1.7123999999999131 476.81780000000089
10.032099999999746 471.06570000000079
4.421599999999855 477.93700000000058
3.40799999999988 476.1421000000006
8.8387999999997877 471.30580000000066
9.2644999999998525 479.8453000000008
2.4607999999999199 469.35790000000083
0.80619999999982861 474.3344000000007
10.505999999999897 466.90950000000061
2.974899999999884 479.05370000000084
13.167099999999815 470.83610000000095
5.1205999999998113 466.45140000000089
-0.092699999999983171 472.93660000000079
3.4186999999998222 470.12200000000092
4.2695999999998451 472.34300000000087
6.2151999999998004 465.1225000000008
3.8891999999999767 467.58140000000083
10.514299999999773 462.34800000000081
3.3695999999998936 476.86760000000078
7.1010999999997901 461.99880000000076
10.113199999999935 464.35700000000088
16.322299999999967 466.65230000000082
4.9441999999999187 466.21290000000079
7.7785999999997832 470.14530000000087
13.343399999999882 465.57920000000075
8.5336999999997172 461.62060000000065
8.4109999999998184 461.16940000000091
0.6582999999997704 460.07800000000077
12.218599999999936 457.31900000000087
-0.91030000000006839 459.84320000000088
8.7275999999998941 457.76910000000083
12.897699999999757 464.74520000000075
10.421699999999941 461.42140000000074
-0.95630000000018078 459.79350000000073
12.314199999999767 464.02500000000077
0.26179999999975956 458.32170000000059
6.687599999999871 453.77770000000078
7.5560999999998026 454.8850000000009
5.7441999999998581 455.38070000000073
2.4949999999997354 457.90890000000076
10.761599999999737 448.62070000000085
7.2082999999997934 456.67400000000083
2.8301999999997984 460.4501000000007
6.6103999999997107 453.96340000000083
9.5207999999997206 455.81130000000098
10.373099999999695 452.8786000000008
-0.75220000000009501 447.0929000000009
5.0231999999997843 453.89990000000091
2.75279999999991 453.80470000000082
0.45329999999981585 446.91860000000088
9.1323999999997127 448.32000000000079
2.2958999999997429 449.07840000000073
-1.9933000000001 442.58980000000093
0.38019999999976023 449.35630000000083
8.3520999999997496 449.96750000000077
1.7997999999997065 445.62200000000092
7.0373999999997583 452.07860000000079
3.9821999999998012 440.51570000000072
11.894899999999559 446.41470000000061
8.6161999999996404 447.89370000000059
7.9647999999997916 443.95580000000075
5.7614999999996899 440.7501000000006
10.590499999999707 439.98570000000069
7.8433999999996535 439.4465000000007
3.5122999999998514 443.59500000000094
-1.8125000000002636 432.41270000000077
-0.0043000000003022704 447.21290000000067
2.3068999999997448 441.1220000000007
5.3659999999996941 444.76860000000067
4.5938999999997652 435.58510000000081
3.5113999999996319 440.22960000000074
6.1032999999996536 442.8631000000006
6.1653999999997309 434.19730000000067
3.7540999999998328 439.55820000000108
10.12119999999994 436.43720000000104
3.3148000000000089 441.63930000000113
12.131000000000027 433.17260000000124
8.2816999999998586 436.74620000000118
-1.3911999999999913 441.63420000000116
2.7928000000000015 439.06030000000112
4.373299999999996 433.49780000000123
1.5911999999998445 443.89300000000117
1.4936999999999674 436.99490000000094
7.3378999999998609 430.61410000000114
9.4093999999999536 427.71770000000129
2.5454999999998984 437.12110000000098
3.6739000000000108 431.01220000000114
8.0356999999999026 433.28440000000109
1.8245999999997999 431.55920000000128
6.1820999999999176 425.26670000000104
1.9616999999999407 421.2453000000009
2.4025999999999077 423.79190000000102
14.080999999999801 430.09190000000115
3.1911999999999305 425.49750000000103
1.6941999999998756 426.37480000000119
9.4095999999998785 429.15850000000091
9.1467999999998799 424.15060000000108
4.3708999999998337 423.87940000000106
3.787699999999838 421.19410000000107
3.3863999999998131 421.5888000000009
4.851599999999852 424.04730000000086
2.1247999999999467 417.93030000000107
-0.4620000000001579 421.08450000000096
2.8480999999998375 421.58050000000105
11.054999999999858 422.59630000000095
6.7753999999999479 421.67030000000108
5.4738000000000167 422.98860000000099
6.0172999999999366 421.03630000000089
8.1224999999998424 418.84180000000111
4.3257999999999148 419.76300000000123
2.998900000000067 421.77260000000103
0.59389999999991416 413.63100000000105
5.4772999999999437 421.0656000000011
8.3799999999998871 417.93860000000103
2.8804999999999898 417.55830000000094
-3.6221000000000405 416.0630000000009
8.1597000000000541 415.44660000000107
15.17379999999995 416.90180000000106
4.2062000000000577 419.89150000000114
4.2159999999998767 411.3093000000012
9.1514999999998476 420.94000000000102
6.4609999999998822 411.14540000000096
1.4056999999997906 416.96500000000094
5.5604999999998919 411.72680000000094
5.3084999999999365 410.10320000000081
6.9748999999998498 412.41110000000106
3.094500000000028 406.35120000000109
7.7976999999999048 410.94030000000083
1.976500000000075 410.352000000001
4.2774999999999155 412.80790000000087
4.5414999999999175 406.14330000000086
5.9853999999998653 412.30090000000081
3.667599999999974 407.17360000000087
4.9225000000000074 414.32120000000083
5.1550000000000029 407.63390000000089
7.9150999999998062 405.56120000000084
6.4894999999999889 406.26020000000085
7.7113000000000564 397.54230000000092
6.7510999999999468 408.93740000000093
11.074900000000035 406.35110000000088
10.03940000000008 409.97310000000107
10.935900000000151 411.80940000000106
7.1743000000000707 409.25140000000096
7.8154999999999903 405.22470000000095
7.1166000000001137 400.02510000000115
5.2285000000000714 404.95620000000093
3.8668000000000151 400.8041000000008
9.6704000000000025 404.9008000000008
5.6730000000001093 401.34400000000085
7.4552000000000564 398.78850000000085
3.4414000000000504 405.52620000000115
1.4175999999999938 403.69760000000093
2.7684000000000504 393.335900000001
2.9559000000000255 397.52500000000077
4.8554000000000244 401.64060000000086
5.9423000000000457 399.53900000000084
4.7932999999999746 397.44960000000077
-1.5158999999999045 398.50480000000084
5.6363000000000305 392.21980000000082
0.27100000000000996 396.59800000000081
1.0397000000000676 393.46310000000085
2.3959000000000366 395.63340000000079
2.5985000000001017 388.21770000000078
9.6848999999999688 396.72600000000068
5.2595999999999838 391.41960000000074
5.0346000000000748 386.13050000000089
3.3349000000001148 391.28830000000067
7.5813000000000237 388.80060000000083
6.7606000000000961 388.97540000000089
6.4177000000000692 390.05170000000101
-0.82209999999993122 397.39300000000088
1.3199000000000558 388.03170000000074
6.4463000000001038 389.69880000000103
3.6427000000000009 383.40760000000091
5.5134000000000141 390.67250000000087
10.35430000000002 384.43310000000088
2.8905999999999596 384.09250000000088
0.39400000000002661 393.55890000000085
3.2319000000000702 384.32390000000089
8.3671999999999773 387.82260000000065
4.7425000000000752 389.3453000000008
4.1956999999999605 386.1046000000008
1.3545000000000296 385.80590000000092
3.4236999999999673 384.78110000000089
7.7120999999998681 382.06110000000098
1.8028999999999915 384.82360000000079
6.0317999999999232 377.6551000000008
9.2885999999999367 381.92960000000073
6.2941999999999787 379.66380000000083
-0.21279999999994087 382.18230000000091
0.58550000000011426 380.13720000000092
4.7134000000000089 377.18030000000073
8.7972999999999288 382.35310000000078
4.8811000000000648 381.00910000000096
2.9447999999999661 380.24100000000078
6.6327999999999889 378.99360000000058
0.7816999999999521 378.65590000000071
7.5725000000000877 376.97200000000078
6.4961000000000269 375.57030000000077
4.5046999999998523 372.93860000000069
0.75249999999999084 376.33790000000084
6.9641999999994768 371.7183000000004
8.9810999999992802 374.01890000000031
-2.9723000000006512 373.05010000000033
-0.29160000000068936 373.54390000000041
5.441199999999391 367.42900000000037
5.8407999999992919 369.66940000000039
2.3728999999993214 373.83120000000031
8.2821999999993086 365.45840000000038
3.8436999999993735 369.11440000000044
4.4756999999992972 370.15600000000035
3.2752999999993455 374.58050000000014
8.9183999999993535 367.92600000000027
4.3433999999993258 370.56140000000039
8.0952999999992592 366.87800000000038
5.1979999999993245 369.24690000000038
2.6837999999993065 364.50920000000036
5.3569999999994327 366.9358000000002
2.4062999999993626 367.31870000000015
8.3688999999993001 361.44660000000022
7.7957999999993506 364.01050000000026
10.39619999999934 357.7171000000003
5.3249999999992355 366.50870000000037
5.5555999999993118 361.88080000000025
7.2131999999992198 350.89010000000036
6.4616999999994027 363.04220000000038
1.8064999999993938 361.80350000000027
7.8274999999993211 357.00340000000017
7.2143999999992356 357.50470000000013
1.147899999999467 358.85680000000036
8.2661999999993245 358.20010000000019
8.9700999999992739 359.22280000000023
10.012099999999185 363.10590000000008
6.009999999999394 358.20920000000035
10.065099999999369 354.02200000000028
9.8924999999993801 358.2587000000002
10.68949999999939 361.29610000000019
7.4848999999994188 355.0643000000004
10.547699999999342 355.31580000000025
7.5597999999994192 356.52970000000022
7.2917999999993501 358.17150000000026
5.2967999999993554 356.24280000000033
7.7114999999993818 359.05350000000016
14.906299999999399 349.23270000000014
8.4537999999993705 351.99880000000013
10.180199999999397 354.49230000000034
7.8421999999995027 349.40560000000028
8.1012999999993216 353.02150000000023
11.514299999999398 348.59600000000012
4.0361999999994707 346.82610000000028
12.159399999999367 344.52210000000019
7.3792999999993878 353.78890000000001
2.8117999999994585 349.4494000000002
12.598899999999468 339.60600000000028
7.6504999999994192 348.1088000000002
8.1635999999994215 346.78780000000017
6.9005999999993914 343.70660000000021
11.472299999999429 343.57530000000031
10.653499999999411 343.55030000000005
10.767799999999401 343.19520000000006
-0.9140000000004973 341.34890000000024
7.2639999999994913 341.45570000000026
5.4408999999993997 343.85520000000014
11.32439999999931 345.18950000000012
7.042899999999392 340.2981000000002
8.9003999999995393 340.4071000000003
3.6851999999996661 342.47720000000021
10.230199999999547 341.22570000000002
7.809699999999574 340.74570000000028
12.917099999999497 338.32890000000032
7.837499999999471 335.90670000000028
13.132999999999452 337.28790000000021
8.5832999999995074 337.54850000000022
7.3589999999995861 331.63320000000044
5.3551999999994733 335.30950000000013
10.001199999999606 338.45760000000001
10.659099999999599 340.59720000000021
8.6380999999995272 338.02990000000028
9.0686999999995539 338.84570000000025
9.6403999999994667 336.68380000000019
7.095599999999366 336.96850000000023
9.9562999999994179 335.72470000000015
2.9202999999994939 341.39840000000021
8.8692999999994804 333.6196000000001
9.580599999999512 332.44920000000019
6.217399999999591 335.62390000000033
4.8038999999994454 332.60330000000033
9.9841999999994222 337.39130000000011
4.1366999999995144 330.5124000000003
4.7057999999994902 330.28370000000035
6.7499999999994387 327.32590000000027
9.9699999999995068 329.61609999999996
9.2848999999994763 327.82770000000022
-2.2290000000004109 323.49010000000044
6.6759999999994299 328.75870000000026
2.9437999999995679 329.45980000000003
2.7177999999995039 328.41680000000019
6.257699999999458 323.66760000000045
0.08369999999948953 327.74720000000025
2.8702999999997032 320.49440000000016
0.45689999999968478 325.14180000000033
9.8970999999996092 322.48340000000042
4.6701999999995065 326.01640000000026
6.6401999999995871 325.57690000000019
7.2521999999995082 322.25690000000026
7.0116999999995597 324.35600000000039
5.3740999999995323 324.25510000000025
9.874099999999661 321.77730000000008
1.3360999999995689 318.83010000000019
7.6083999999995369 320.6429000000004
14.853499999999498 322.81700000000023
2.8410999999995568 324.58550000000031
3.8616999999993924 316.6521000000003
8.3626999999994318 322.86920000000032
7.8764999999994476 316.27530000000019
5.2382999999996098 316.26170000000008
4.8405999999995215 318.5938000000001
6.3650999999995577 318.31760000000025
3.2933999999996066 318.13510000000008
5.4842999999996218 314.11320000000012
3.5688999999994606 316.85070000000019
5.1544999999995511 320.80590000000035
4.4963999999995226 312.17140000000012
6.5695999999996575 308.58150000000006
8.0165999999996078 310.55510000000021
6.5058999999996203 308.93710000000033
2.2929999999995889 313.01260000000013
6.4249999999995158 313.30490000000009
3.8898999999994621 305.45890000000014
4.8188999999999345 307.67890000000034
1.1449000000001059 301.83020000000022
4.0003000000001734 305.47350000000029
8.0631000000000483 308.31680000000051
1.9470999999999961 309.44730000000044
-3.5920000000000236 306.37450000000035
3.9612000000000576 307.61340000000024
-0.27679999999994348 307.40910000000025
3.0035000000000038 306.49650000000042
3.4705000000001456 302.56340000000034
4.165900000000188 302.5483000000001
0.60150000000007653 304.33250000000021
6.4370000000000829 306.06920000000036
4.9132000000001232 303.83070000000038
7.0038000000000986 302.67540000000031
2.8152000000000799 304.00840000000034
6.5410000000000563 305.21740000000034
2.1845000000000421 299.42770000000024
1.965500000000115 305.73620000000017
4.4832000000000791 302.98670000000027
0.17550000000003341 302.10710000000023
2.8048000000000375 296.25320000000033
4.307600000000031 305.20620000000019
0.89250000000003948 297.01400000000029
6.5827999999999793 300.42050000000029
7.7757000000000849 299.01140000000032
4.8897000000001221 296.31240000000008
6.0453000000001875 297.01530000000014
-1.3725999999998413 294.04310000000032
0.91010000000000024 300.62780000000032
-0.16559999999993907 296.29400000000021
0.0063000000000250633 298.53670000000028
0.23420000000014946 295.42230000000029
6.7137000000001832 298.54940000000016
4.3007000000002602 300.37490000000014
3.5600000000003291 291.86780000000033
7.8564000000001428 292.31050000000039
-1.474499999999922 295.88080000000025
2.6539000000002675 292.70040000000023
5.7021000000001543 288.58560000000023
3.8388000000000648 291.68730000000033
3.9557000000001206 291.69360000000012
2.2658000000002767 292.17470000000003
4.0915000000002628 291.36450000000019
3.3035000000002261 293.84170000000023
0.61390000000014444 289.1867000000002
1.6915000000001945 285.14740000000023
10.000600000000194 287.64780000000007
3.9333000000000502 286.69950000000023
4.3455000000001531 287.74260000000015
-1.3897999999997226 292.0338000000001
1.0812000000003463 287.46180000000015
0.21690000000021162 286.62790000000024
-0.75489999999975343 291.27110000000016
1.3532000000002229 281.74380000000014
-1.8763999999998247 285.34670000000023
-0.43199999999983768 283.12320000000017
4.3387000000001787 292.584
0.62570000000034975 283.62360000000007
6.2497000000002343 282.49460000000005
-0.82869999999977828 280.0977000000002
-3.0191999999997008 284.04180000000014
3.368100000000223 275.12330000000009
3.2190000000001389 281.94350000000003
-1.0314999999996843 283.7535000000002
6.4007000000004854 276.77350000000013
-0.12329999999948629 277.66859999999997
0.4064000000004393 274.18910000000028
2.8376000000003638 278.42880000000025
4.172500000000305 270.98910000000018
5.5227000000003663 278.60760000000005
3.17990000000044 277.05600000000015
2.1050000000002838 276.41700000000014
2.9776000000003742 277.41120000000012
-0.96269999999942257 276.61600000000004
6.5109000000004675 270.13180000000017
-1.4504999999996446 273.56600000000014
-1.1788999999995751 278.00300000000004
2.4043000000004082 272.89280000000008
6.6913000000003819 270.82490000000013
1.6011000000002424 275.35440000000006
4.2370000000004397 274.4029000000001
-0.14359999999951406 269.7681
2.7246000000003701 275.11810000000003
3.8618000000004189 271.43670000000014
2.1794000000004186 270.43220000000014
2.6905000000004029 268.80189999999993
4.3316000000003232 274.46770000000004
4.6614000000003353 271.35960000000006
4.1655000000003746 271.51370000000003
-0.88029999999950292 270.3494
4.2754000000004053 267.63569999999993
0.43810000000043631 268.62350000000004
2.1064000000004732 266.26009999999997
2.5319000000004968 267.86579999999998
6.8232000000004787 262.36110000000002
0.26610000000049422 271.03020000000004
0.73240000000063299 267.46350000000007
3.5747000000006506 259.64889999999997
-0.095699999999360588 259.49230000000011
5.2303000000006081 266.67920000000021
5.6462000000005874 262.47870000000012
-0.43309999999942311 255.75829999999991
2.2695000000004768 264.55970000000002
7.8301000000005097 260.59100000000001
-3.8580999999995336 257.66440000000006
3.6996000000006748 258.0270999999999
-4.0592999999994186 259.00549999999998
2.8482000000005696 256.52210000000002
5.7828000000005462 255.31540000000004
2.2338000000005613 256.8252
-2.2962999999995533 260.33980000000008
4.0790000000004492 257.78730000000002
1.0026000000004951 257.3766
0.82280000000064435 252.54049999999992
-0.68669999999946607 256.43849999999998
1.5822000000006722 248.93859999999992
2.6831000000005174 248.99399999999994
1.5642000000006402 252.87409999999983
-3.6319999999994925 250.2315999999999
3.0253000000006072 251.3975999999999
1.692100000000518 253.26690000000002
3.2262000000006417 248.42939999999982
-4.7409999999994268 248.94560000000001
1.9169000000005687 248.84459999999999
-2.9254999999995004 248.43519999999995
-4.7703999999995368 249.22249999999985
-3.2129999999995458 244.542
-1.2496000000021903 245.65400000000005
0.61529999999776352 247.73169999999999
-4.616200000002082 244.88799999999986
-1.044400000002363 245.94570000000007
-3.5725000000021283 244.68240000000011
-2.8027000000022255 238.29300000000012
-2.9488000000022208 245.18279999999999
-2.6038000000021957 248.01769999999999
1.0865999999978702 238.1735000000001
-2.5609000000021958 240.26899999999998
-4.3922000000019805 241.26920000000001
-4.2680000000021021 241.30720000000005
-3.2594000000021199 237.06940000000009
-0.86720000000222219 237.65779999999998
-1.2509000000021262 245.67310000000001
-3.1222000000021413 238.04140000000004
2.629899999997757 238.32510000000002
-4.2862000000021538 238.37549999999987
-6.8837000000018964 234.47480000000007
3.5292999999978663 239.71900000000005
-0.045900000002098117 240.04500000000002
-3.6123000000022079 234.76550000000006
2.1410999999978437 233.82820000000001
1.6335999999979851 231.43410000000006
-3.6771000000021301 236.86250000000001
-0.24690000000205534 237.49889999999999
2.6000999999979615 236.72670000000002
-3.4864000000019923 238.11899999999994
-2.6601000000019619 229.0620000000001
1.579499999997819 229.62330000000009
1.8716999999979436 235.48179999999996
-0.73240000000203542 228.98510000000016
1.2231999999979342 229.40290000000016
-4.5373000000019275 228.3977000000001
-7.7225000000018342 228.41110000000015
-1.0696000000019363 227.53000000000029
-1.4870000000018888 225.53580000000025
-0.10350000000203083 226.5895000000001
1.6404999999981613 227.3071000000001
-0.76300000000196 222.52020000000013
-7.8932000000019329 227.23010000000002
-6.9806000000018171 220.51010000000008
-0.1537000000017385 224.13900000000007
-0.90250000000184172 222.74630000000008
-3.241400000001835 220.06160000000025
1.4949999999981511 224.14730000000012
-0.75460000000184324 226.75400000000008
-0.24510000000191065 222.66159999999996
-2.6126000000019163 224.35010000000005
-2.7269000000018195 217.86920000000009
0.84309999999823726 218.81420000000008
-5.3783000000017633 219.91450000000012
1.8998999999981654 221.21590000000023
-1.1254000000018225 222.27380000000005
-3.1956000000017522 219.43580000000014
-6.3819000000017612 217.52570000000009
-8.619900000001671 220.40840000000014
-3.7859000000018068 218.08620000000016
-5.5482000000017146 218.69720000000021
-5.8044000000016949 218.62780000000015
-3.2618000000017799 225.2441000000002
-7.6217000000017316 216.5988000000001
-8.4906000000017325 213.19860000000023
-7.4677000000016687 214.66580000000019
-7.6109000000015969 213.57440000000022
-6.0965000000015008 221.73040000000006
-2.7777000000014835 216.26020000000008
-2.5276000000016343 212.82010000000031
-8.1060000000015471 211.92470000000029
-7.6377000000015522 214.73090000000013
-5.6335000000015203 211.01400000000024
-0.96550000000160241 208.61600000000021
-3.9602000000014241 211.65020000000024
-4.5611000000014901 213.47410000000028
-9.5748000000013658 208.33500000000015
-1.8116000000015244 204.4569000000003
-2.7077000000014784 208.89330000000032
-4.9443000000014656 212.05130000000034
-4.8722000000016044 209.47680000000025
-2.6870000000016221 211.82740000000018
-1.6326000000016201 205.43520000000021
-3.6092000000016613 206.40180000000015
-3.2905000000014946 208.42780000000005
-4.1053000000015949 208.80750000000023
-4.4116000000015294 206.4538000000002
-3.6076000000015802 207.76320000000027
-6.16880000000143 210.46930000000023
-2.4929000000015513 203.73760000000019
-1.0009000000015271 202.86930000000024
2.5902999999985017 201.65270000000035
-4.5349000000013184 205.39480000000017
-3.8855000000015094 199.24140000000023
-2.6567000000014178 202.31920000000022
-4.1087000000013596 200.5450000000003
-0.77570000000141404 194.99400000000031
-3.4904000000014737 202.5976000000002
-4.7749000000013311 198.88120000000032
-2.3477000000012955 198.12780000000018
-2.135000000001237 194.67670000000032
-4.1912000000013183 201.12450000000032
-2.9967000000012609 198.03140000000045
-2.4740000000013826 197.24470000000019
-5.3701000000012673 192.42920000000029
-8.7003000000012367 197.70170000000022
-5.6423000000012618 195.15040000000016
-5.2308000000013264 193.99460000000025
-5.2352000000011287 193.91270000000026
-3.0997000000011892 193.27860000000021
-4.8807000000013216 192.46370000000033
-7.9645000000013138 194.75550000000035
-8.5803000000012197 190.83730000000037
-0.73290000000127065 192.50070000000028
-6.4968000000012527 196.2688000000002
-3.3341000000012517 188.54370000000043
-2.897000000001217 189.82900000000026
-7.0135000000012706 193.22540000000032
-8.9900000000011708 193.37330000000031
-1.6468000000013536 186.7251000000002
-5.7329000000011936 187.44430000000031
-5.1378000000011639 190.48910000000021
-6.7071000000011383 189.32810000000018
-5.3493000000011985 184.70340000000024
-2.0913000000012012 189.16990000000018
-4.3086000000011095 188.21310000000022
-5.9301000000010529 185.67240000000027
-3.3502000000011374 187.05050000000028
-2.7032000000011633 186.92190000000025
-7.2480000000011326 181.60980000000032
1.7386999999993038 182.09860000000012
-3.676400000000652 185.31050000000016
-6.53410000000064 187.0055000000001
-12.8809000000007 189.98320000000024
-3.5678000000006787 181.82830000000027
-5.069600000000805 182.82340000000013
-1.3160000000007364 182.53100000000018
-5.4825000000007327 179.72470000000021
-6.9704000000005504 182.48030000000014
-3.7583000000007436 178.66740000000007
-4.5801000000005203 185.00390000000007
-7.6730000000005525 181.50820000000019
-9.2999000000005978 174.37630000000021
0.49929999999927549 175.24190000000007
0.38309999999939964 179.91180000000017
-4.1925000000005959 181.14010000000007
-4.5207000000006339 173.30430000000018
-1.2557000000005731 179.80000000000001
-4.0628000000004967 176.30740000000009
-1.8614000000006339 174.38460000000038
-3.4044000000006278 174.64380000000023
-7.3253000000006399 176.27000000000012
-1.1802000000006203 175.52530000000013
-2.8921000000006649 177.47680000000017
-0.97300000000065234 171.01990000000029
-4.6418000000007087 172.51580000000016
-10.03940000000043 172.01710000000014
-3.564100000000662 172.44430000000017
-5.0661000000005822 169.66120000000018
-6.6082000000006911 168.59820000000008
-5.5546000000005868 170.46610000000018
-3.8691000000005791 170.26860000000013
3.2313999999994323 169.54120000000032
-2.2245000000005302 172.08270000000002
-2.5140000000004816 166.32150000000016
-2.2003000000005324 163.50190000000021
0.63559999999943773 167.3520000000002
-6.0020000000005584 163.65310000000017
-3.1476000000004669 165.56770000000014
-3.1259000000004384 168.48330000000018
-0.28930000000048955 164.72250000000017
-1.996800000000603 166.32080000000002
-3.0603000000004656 164.9148000000001
1.7743999999994593 167.68200000000013
0.042099999999483904 167.85840000000019
-0.89340000000060071 163.76480000000015
-1.8513000000004378 162.47320000000016
-3.2749000000004749 162.95950000000008
-0.58030000000053727 160.37020000000015
-6.0052000000005554 163.39750000000006
-1.2388000000004484 160.97500000000008
-3.9933000000003904 158.30310000000009
-1.087400000000543 161.27820000000014
0.87329999999948793 163.73879999999997
1.5037999999995186 156.45250000000024
0.021399999999564212 160.13160000000008
-3.9083000000004584 158.3719000000001
0.25599999999952805 164.10650000000007
-1.6478000000004094 159.09710000000015
-0.20070000000049698 156.67630000000008
1.8463999999995988 159.29210000000012
0.58929999999950478 160.18680000000001
3.3178999999995393 157.15470000000025
-2.5975000000004416 154.56650000000019
-0.58660000000027779 151.11630000000017
1.9169999999996816 153.99150000000003
-0.89120000000016497 157.59810000000007
-2.1861000000002129 155.75710000000015
0.030199999999724551 155.8304000000002
3.573799999999633 150.45229999999998
3.1607999999997212 152.85290000000018
3.3689999999997724 148.56950000000018
0.64049999999973339 150.95420000000016
3.0873999999997923 151.48589999999996
0.7877999999998373 148.67270000000019
1.6244999999997716 145.59470000000016
-0.48170000000025232 147.43650000000017
0.90449999999975605 148.96300000000002
-0.86510000000031428 147.63850000000019
-0.25040000000026036 148.35470000000012
-0.52380000000025095 148.91590000000011
-0.78870000000026297 148.0617
1.9274999999997871 144.42200000000011
2.2469999999996992 142.53330000000022
0.50019999999972875 143.55410000000023
1.1103999999997007 144.65810000000002
-0.86570000000027292 144.03630000000013
-2.7322000000002813 144.18950000000004
-1.0406000000002946 146.52680000000015
-1.3238000000001253 146.02810000000002
1.2311999999998153 141.91930000000019
-0.10210000000022147 140.67830000000012
1.7884999999998585 141.77180000000018
1.5635999999998784 142.36280000000002
-1.6424000000002044 141.66940000000019
5.2536999999998324 143.50990000000016
-4.2225000000000863 145.76370000000017
-0.023400000000037825 138.34880000000015
3.51489999999986 140.16560000000015
-0.25119999999998832 140.35560000000029
-0.97700000000003639 136.4191000000003
0.34169999999991701 138.15260000000015
-1.09230000000008 137.99490000000011
-2.8261999999999956 136.43710000000021
-3.3904000000000853 135.3934000000003
0.45009999999993994 133.66340000000008
-0.76350000000001417 137.84490000000014
-0.31240000000006352 133.35510000000022
1.1723999999998793 130.49560000000025
-0.080300000000058477 131.72830000000019
-3.0960000000000538 130.03580000000028
2.7627999999999213 129.78960000000018
-1.339700000000144 131.30140000000023
2.9791000000000247 127.04490000000023
1.2498999999999993 131.46990000000022
-1.9331000000000018 131.47500000000028
-1.6019000000000905 130.12820000000031
1.4281999999999653 129.30380000000014
2.6338999999999269 125.6050000000002
0.73559999999993364 130.26680000000025
-2.0794000000000992 126.74720000000018
-2.1426000000000847 125.6301000000002
1.3349999999999436 123.02500000000022
1.0808999999999271 128.8311000000003
2.0260999999999378 126.38050000000027
-0.55180000000008644 124.18090000000011
-1.5196000000000989 124.41090000000031
0.74619999999993025 124.32990000000028
0.053499999999298976 125.51790000000065
-1.7692000000005492 123.6173000000006
0.30039999999932826 121.75470000000062
2.2829999999993111 121.7592000000008
0.32009999999940963 124.63920000000067
-0.24970000000058665 119.91140000000058
1.283799999999313 120.44600000000069
2.7835999999994328 120.02040000000078
-0.019100000000568017 117.9068000000007
-1.8881000000005639 115.99630000000066
0.40469999999941397 115.97670000000065
0.49199999999956534 117.9821000000007
-1.2896000000005117 115.99740000000071
-0.20110000000055941 116.75600000000058
-1.403700000000603 117.14390000000074
-0.36120000000061026 113.51880000000072
0.71349999999938651 117.03780000000076
-3.5270000000005273 115.33510000000066
-0.054900000000480301 112.99890000000066
1.0249999999993877 108.37160000000085
-0.66020000000054335 113.78410000000088
-1.0396000000005134 111.76790000000078
-1.1769000000006282 112.37670000000077
-0.52640000000054277 109.53860000000071
-2.4572000000005434 110.32090000000076
-0.8966000000005081 110.41340000000082
1.9949999999994514 110.20610000000083
1.9634999999994494 110.51880000000074
-1.3648000000004894 107.23190000000082
2.0721999999994605 107.65820000000078
-0.82890000000058572 110.64840000000088
-3.8569000000004316 108.4594000000008
0.31139999999949669 106.62320000000076
-0.59800000000038178 106.35500000000069
-0.28880000000049 110.3177000000008
-2.3968000000004346 105.32380000000097
-0.12130000000044538 105.07680000000089
0.7402999999995733 102.84410000000078
-0.71430000000045291 108.20630000000081
-0.62650000000041439 102.42750000000083
-1.31690000000049 99.896200000000775
-0.36100000000041321 103.73670000000075
1.573299999999705 103.61880000000076
1.3358999999996539 103.52480000000082
-1.407700000000417 102.16430000000084
0.40659999999961072 99.002800000000818
2.0253999999995265 99.078700000000879
0.42359999999958337 97.497100000000856
1.0105999999994451 100.79390000000093
1.9288999999995899 100.94990000000082
3.9347999999995498 96.99700000000081
-2.0393000000004418 97.632600000000934
-2.0645000000004305 97.645800000000975
2.1373999999995044 98.649500000000884
3.6763999999994899 96.284800000000928
0.4789999999995363 96.301600000000946
2.2998999999995577 96.896000000000882
0.24489999999964299 95.633300000000915
-0.74500000000036037 93.304000000001011
-0.99040000000041295 93.12780000000096
2.8107999999995723 90.913600000001068
-0.77360000000038909 94.387500000000912
1.7378999999995652 92.192900000000947
0.22809999999964062 92.35640000000096
1.9505999999996451 89.833800000000906
0.37399999999976336 92.105500000000902
2.7310999999997772 90.332500000000849
0.9495999999997673 87.262800000000965
0.64649999999979391 88.930500000000904
-1.5396000000002406 87.552900000000832
-0.15470000000028308 87.138700000000938
-1.2928000000001925 87.441600000001003
0.33109999999975515 89.232100000000884
1.3299999999997554 85.129000000000971
0.26269999999985355 84.847200000000939
-3.3599000000001755 84.140500000001012
-1.5780000000001686 86.903700000000939
-0.95640000000022529 83.911300000000907
0.43979999999972447 81.866500000001011
-0.65140000000022225 81.713500000001048
-0.53820000000022061 84.029200000000969
-0.77380000000020921 79.596900000000943
0.21869999999982878 82.726600000000857
1.3592999999997621 82.256800000001064
-0.84640000000020998 80.586700000001102
0.97629999999982031 79.908700000000962
-0.11630000000024691 77.172500000001008
-5.6593000000000933 79.056400000001076
-1.9630000000001273 79.788800000000947
0.053499999999896866 77.807900000000984
0.98159999999988334 78.851300000000933
-1.1054000000001725 76.576200000001023
-0.33780000000009952 75.208500000000996
-1.862700000000084 75.924200000000866
-0.15240000000010806 74.200400000000997
0.40189999999996728 72.617100000001074
-1.8655999999999997 74.516600000000977
-3.1304999999999277 74.161900000000841
-0.7551999999999579 72.358100000000888
-0.48619999999996627 73.132600000001048
-2.3717999999999217 71.899000000001038
0.16539999999996005 72.811600000000837
-0.15570000000003692 70.414800000000881
2.8613999999999233 69.818400000001006
0.7724999999999711 70.659200000000951
-2.015099999999955 68.574800000000906
0.35500000000006571 70.333800000000906
0.90289999999998927 70.386500000000993
-2.6879999999999438 67.55530000000094
-1.1328999999999234 66.622400000000951
-0.94450000000000489 65.606600000001052
0.84360000000004742 67.484000000000975
2.0932000000000284 67.757500000001045
-0.014599999999940291 65.178000000000992
1.889400000000071 63.252600000000946
-0.25970000000001803 65.363300000001061
0.68190000000001438 61.672900000001036
0.31820000000005194 64.206900000000914
1.706099999999974 63.229900000000974
1.2564000000000375 63.521500000001076
1.7443000000000386 62.613600000000972
1.3990000000001039 62.79090000000101
1.6327000000000675 63.425900000000951
1.1670000000000273 60.343400000001083
2.6939000000000073 59.580900000001058
-0.74359999999997217 60.001900000001001
1.0904999999999849 59.894500000001052
-0.50719999999999688 59.343000000001126
0.73320000000028251 57.557300000000637
-0.78499999999965209 57.736700000000589
-0.32729999999964238 56.575300000000652
0.99320000000032693 55.47750000000071
-0.33009999999966061 54.707300000000672
-1.5002999999996978 57.667600000000554
-0.52489999999971759 54.366000000000582
1.0262000000003373 54.865800000000675
-0.37259999999963084 55.500700000000599
-0.13199999999961751 54.68740000000065
2.5216000000003747 55.465000000000529
0.48150000000026694 51.179500000000658
0.080100000000359481 52.416900000000595
0.46810000000034879 54.257100000000548
1.8757000000003088 52.729700000000612
0.91140000000021393 53.75180000000065
0.60650000000023652 53.241300000000685
1.7816000000003489 50.20490000000067
-0.99239999999965878 49.916700000000617
0.2219000000002341 53.237900000000714
0.75420000000025467 51.399200000000697
0.31680000000023284 47.933200000000696
-0.98199999999979004 50.830600000000615
1.0872000000002418 49.948300000000685
-2.1013999999997144 48.608200000000707
-0.15699999999973835 49.103100000000737
-0.97859999999964242 49.70960000000062
0.47740000000025434 47.284800000000743
0.087700000000255254 49.679700000000601
0.32610000000024703 47.735600000000645
-0.10089999999972829 47.102800000000755
-0.58649999999973534 45.610300000000677
0.058800000000271711 47.103000000000584
-1.7030999999996537 47.23280000000053
0.97600000000032361 46.082000000000612
2.0223000000002953 44.405600000000675
-0.93619999999966697 46.25310000000065
2.1473000000002518 44.379600000000551
2.9266000000002741 43.409400000000538
0.41740000000027605 42.164700000000622
-0.51519999999972643 42.410100000000568
0.87350000000029415 41.563800000000683
1.2587000000003099 38.265800000000596
-0.39809999999973522 42.307500000000672
1.3319000000003376 42.042200000000697
2.5095000000002727 39.715800000000577
2.1612000000002554 39.728700000000622
0.24300000000030478 40.096100000000611
1.0676000000002808 36.816800000000747
4.1166000000003038 38.897500000000669
0.22570000000027524 37.062600000000643
1.7157000000002505 35.755700000000807
0.86130000000029383 34.974200000000671
4.2312000000002605 35.015400000000589
2.9386000000002555 37.729300000000627
1.1570000000002556 34.387500000000799
2.314600000000242 31.686900000000705
2.9421000000003095 35.340800000000726
1.4825000000003168 32.671900000000676
2.8029000000002116 30.926500000000711
1.6935000000002807 33.551400000000697
3.090500000000266 31.856000000000687
3.7150000000002512 32.183200000000724
1.0243000000002433 31.519500000000846
1.1905000000002757 31.136400000000542
2.2353000000003505 31.139500000000584
2.3499000000003405 29.030900000000418
1.9600000000002595 29.779000000000586
1.4247000000003396 30.236800000000546
2.1487000000002836 28.860300000000503
3.0729000000002444 29.108200000000515
-0.42549999999973048 28.067200000000543
2.8995000000002515 26.441900000000501
1.8760000000002979 26.920600000000569
1.0318000000003171 25.100100000000523
1.2300000000001974 25.911700000000589
1.0729000000002957 25.452900000000501
1.0076000000002976 25.620400000000494
0.45770000000024957 23.910300000000579
1.809500000000178 24.426700000000693
0.82940000000023051 22.529000000000568
2.3054000000002479 21.962200000000713
0.5775000000002396 22.254900000000561
0.95370000000016208 20.724400000000752
1.1044000000002308 21.9328000000007
1.7312000000001704 21.302800000000634
1.2108000000001522 19.348700000000644
2.9696000000001117 19.274200000000697
2.4909000000001713 18.800600000000646
2.6781000000001374 18.058000000000764
2.4888000000002224 18.031100000000645
2.0888000000000901 16.7480000000008
1.5160000000001796 18.133400000000616
2.3649000000000941 16.629700000000543
2.9545000000001549 15.830500000000519
2.8345000000000855 16.502500000000754
2.921200000000153 16.581500000000613
2.7697000000001757 14.572700000000561
2.1055000000002111 14.520100000000491
1.6376000000001145 13.641500000000621
2.469000000000185 13.57060000000064
1.8445000000001173 12.681100000000459
1.3893000000001361 12.254800000000506
2.5539000000000862 12.719700000000659
3.3334000000001733 12.498300000000576
1.4066000000001719 11.401000000000678
2.6398000000002275 10.156200000000581
1.6791000000001188 9.5206000000006163
1.9586000000002062 8.0984000000006233
3.0585000000001323 8.3642000000005972
2.0795000000001584 7.396400000000674
3.1543000000001031 7.1461000000006614
1.7692000000001435 7.3374000000006507
1.2566000000001469 6.7389000000006742
1.045700000000207 6.5084000000006244
-0.5111999999999266 5.9835000000006815
0.46380000000011656 5.3255000000005968
0.52050000000003882 4.9519000000005686
0.11510000000006901 4.3902000000004886
0.70400000000002694 4.6340000000006105
0.19050000000010303 4.0506000000005278
0.43430000000009211 2.6718000000006996
0.1093000000001578 2.3731000000006031
-0.20819999999998587 1.6345000000008314
0.33300000000009039 0.64400000000069746
0.17930000000002433 0.17130000000063542
